# AIRFOIL_NOISE Dataset
# Problem type: Regression
# Target variable: noise_level
# Number of samples: 1503
# Number of features: 5
#
# Variables: frequency, angle_of_attack, chord_length, free_stream_velocity, displacement_thickness, noise_level
#
6602.029467	8.534505	0.151718	68.120349	0.020751	256.906859
4758.892784	9.156414	0.049656	49.597611	0.024953	214.460242
15916.821621	1.738210	0.174630	49.979142	0.005936	299.665200
12563.509678	4.458469	0.087036	53.976533	0.030362	283.044456
19513.127245	1.246149	0.232612	37.802944	0.034809	368.330520
15225.940634	8.836778	0.037380	56.884050	0.043582	349.185949
410.276989	12.309379	0.170192	59.702899	0.030217	191.886744
689.593884	4.947521	0.277303	67.858171	0.045738	210.139176
2398.592119	15.270479	0.049913	63.808427	0.017491	212.566151
10855.357630	2.272173	0.235139	44.987982	0.056776	307.548300
1100.055235	14.111767	0.065969	69.785562	0.027570	202.505179
11121.092857	7.068219	0.170743	46.756549	0.019653	272.962218
14621.627905	1.227238	0.036837	56.511755	0.044728	323.155378
6107.891629	19.489556	0.158851	43.380926	0.030991	253.155932
14715.681416	3.470674	0.039619	41.820316	0.037063	302.041926
12882.408484	4.721722	0.068656	51.559766	0.010297	272.778936
4568.072197	7.676915	0.244009	64.333083	0.035562	242.953778
2716.914310	3.508453	0.269395	35.189089	0.054621	213.449670
6683.968841	0.550389	0.088476	60.009567	0.011396	214.388241
8415.876569	7.086623	0.234015	65.473438	0.004385	242.251663
2930.377547	0.296701	0.140021	61.049073	0.018598	185.433104
11905.300401	5.023429	0.187489	48.424779	0.041429	297.247598
7535.903149	0.464164	0.250512	64.009870	0.005402	217.666026
11999.325861	9.240722	0.286881	58.245216	0.002838	274.641549
15779.613498	1.440683	0.072269	52.882783	0.038838	331.080048
16959.509634	0.400172	0.086040	65.823726	0.038769	339.613258
10109.445402	14.084023	0.178819	61.042977	0.035577	300.299626
18231.077011	16.274714	0.300324	54.132735	0.006463	363.982776
9967.009493	5.173246	0.167592	42.673473	0.005209	250.384890
17066.917046	6.138050	0.068458	61.891764	0.048824	364.852702
16463.949117	12.228680	0.266603	42.352753	0.012417	333.090237
4448.685935	5.018237	0.193029	56.355612	0.017595	207.063530
4029.591545	18.322569	0.289002	66.744624	0.009085	233.408188
2864.621949	17.323092	0.127680	56.941139	0.030163	236.955645
16056.525219	15.528992	0.048973	66.177253	0.051375	373.007833
15428.885032	15.665756	0.056752	41.950705	0.030555	348.390603
4410.630072	18.671475	0.237650	37.057986	0.032833	239.928029
15252.196695	10.307764	0.288908	63.673495	0.058169	391.180818
14864.485358	18.813778	0.136060	52.530101	0.009799	326.703488
17284.749418	17.401619	0.078373	53.159808	0.052403	390.153695
9204.854235	20.715939	0.047857	33.953098	0.038765	294.647442
13025.329707	1.066998	0.167313	37.132190	0.004358	263.930474
6706.105527	14.012509	0.132039	56.151251	0.025731	254.657307
11926.323187	19.928248	0.102657	58.211947	0.003216	297.788948
6144.632310	18.619607	0.164983	51.436534	0.032639	267.690613
11516.009364	10.342979	0.241543	54.186548	0.005983	286.273498
4790.911529	3.054869	0.171199	56.651422	0.053531	248.114863
15842.419457	15.338342	0.202250	35.066032	0.008195	323.578787
11201.925261	16.152027	0.286227	52.602339	0.016216	293.942253
8048.629717	3.779679	0.228083	36.045188	0.052133	263.319645
2751.979417	8.681407	0.046927	62.817718	0.037310	212.718901
17799.479013	14.720478	0.107644	34.287998	0.026330	366.315942
14448.353416	6.837489	0.194588	32.354300	0.017511	307.646946
9916.827807	14.409730	0.194488	61.958515	0.058326	333.613752
731.983843	6.746312	0.038636	65.552098	0.037242	192.307430
15343.494562	13.760268	0.278451	65.570407	0.021663	349.667658
11288.193258	4.214702	0.251681	42.399406	0.053086	298.026973
15489.187208	2.695157	0.289091	60.342578	0.041530	355.380947
4137.491443	16.331190	0.085567	65.547952	0.006976	215.703424
18600.642906	8.285083	0.299303	48.271345	0.007843	353.501574
15724.722294	5.540996	0.229743	68.473250	0.038275	346.224431
10656.818081	13.975457	0.272060	67.397890	0.030322	314.412364
4353.210086	15.792066	0.027462	64.006699	0.021681	234.901652
13733.391289	18.613944	0.273600	70.559021	0.046299	368.832087
18054.359649	9.435397	0.247964	41.277627	0.008432	344.609566
12056.452388	18.967206	0.172197	37.405493	0.020812	307.427556
682.208014	16.456177	0.260567	42.069382	0.052545	220.753359
7868.024206	11.988845	0.095820	36.849865	0.003261	230.774765
10512.891374	13.698712	0.261596	50.820590	0.022431	287.749387
17702.798637	9.652570	0.062628	39.023522	0.036894	354.502199
3810.399243	12.115436	0.117053	44.281192	0.007372	195.237850
9914.961294	7.667526	0.262383	70.321804	0.004132	269.477392
19424.565347	4.634819	0.297713	43.875602	0.017370	351.427372
10755.380067	2.798803	0.270821	50.237811	0.041064	294.548418
5629.474487	21.263110	0.078252	44.867466	0.039614	268.867228
16554.861028	4.599142	0.184864	50.374383	0.013831	322.036685
2305.838732	6.780790	0.096472	33.844561	0.022628	178.965713
8457.439301	7.485012	0.242912	50.484580	0.006488	243.836823
11973.035658	4.578681	0.101950	69.087614	0.013000	288.676393
7282.759101	18.209185	0.055572	48.716492	0.042011	280.291614
16845.348960	6.503666	0.138642	39.216603	0.028829	332.329577
17295.432900	8.192710	0.054010	44.430294	0.055309	381.216433
18558.275509	21.637230	0.153831	56.729553	0.048667	406.580716
12409.496552	4.527033	0.038132	35.307870	0.030403	282.973634
10334.575490	2.103924	0.148946	61.061935	0.010065	242.592803
9061.663875	9.918671	0.094452	64.634553	0.020556	275.745922
13248.206292	20.563632	0.288330	53.680816	0.053418	360.597065
3990.768775	8.282217	0.211984	36.327884	0.045868	236.885925
18386.760624	3.123246	0.172585	65.325196	0.048210	381.250227
4870.471584	17.071536	0.116302	34.342404	0.033252	236.184428
15474.354436	8.936394	0.124034	54.025632	0.054270	354.173530
10125.337011	8.087029	0.118487	58.423516	0.050519	304.824988
12821.822431	4.840784	0.165847	60.594362	0.017400	297.374329
6440.172037	4.600117	0.303026	53.032779	0.009929	224.099086
13679.342027	5.088922	0.035707	53.829038	0.055425	345.758074
6550.371282	20.654181	0.130229	32.910480	0.004692	236.333674
13225.733911	4.202693	0.260292	69.725996	0.030300	326.161779
1413.484156	19.757816	0.032170	37.165898	0.007851	187.029991
6491.721920	6.036594	0.128503	47.655745	0.018107	236.957884
6128.414196	20.488450	0.092801	55.351519	0.044591	278.777935
14988.731068	16.049370	0.160312	71.295453	0.038797	354.035375
19074.568590	6.772404	0.227704	50.367720	0.019756	362.830865
15328.525548	0.718050	0.134865	68.391995	0.048360	354.397500
11469.778807	22.169316	0.097019	34.517393	0.002265	272.794063
8643.096852	17.104541	0.130997	45.236351	0.030465	279.929341
18933.683369	20.480916	0.246188	49.368060	0.056559	417.393713
14316.188477	21.885241	0.270555	62.738423	0.050584	379.622712
1570.295033	11.263590	0.097562	53.082800	0.050449	218.338474
17477.995323	18.741330	0.051608	36.657679	0.054438	386.580264
4524.159289	18.198111	0.037462	51.059834	0.035123	239.388213
6097.277017	20.475342	0.205936	34.222731	0.045471	271.656221
10990.911979	20.053453	0.264608	59.087697	0.043376	338.234960
18891.171804	13.376688	0.187265	62.356831	0.029742	387.925176
7544.300078	3.144491	0.140416	63.953192	0.017147	230.261257
13371.101846	14.156726	0.060106	42.038332	0.011903	293.174711
11458.818379	8.951950	0.120711	70.372106	0.012043	280.474182
17810.293056	6.436291	0.121521	32.449477	0.012614	330.285115
2353.570220	6.322247	0.161452	48.757820	0.036604	207.636204
16434.077543	14.318668	0.253983	65.342184	0.015441	361.463489
10941.449678	6.001576	0.130149	36.294603	0.026304	274.099399
14252.210538	21.495518	0.129283	46.473108	0.044473	347.988799
1671.583818	11.111753	0.277152	58.999324	0.020841	207.482814
7279.714832	9.636627	0.161806	62.879412	0.045750	272.482096
4016.374585	14.473244	0.300528	42.930374	0.024969	241.140471
10582.616949	20.454952	0.054546	62.594766	0.036921	320.531012
5839.657906	8.576555	0.091923	57.416687	0.040995	246.124456
16838.932779	13.122168	0.090977	34.019240	0.042125	365.065725
7459.698241	0.150725	0.255334	40.814054	0.016049	221.866339
17401.138567	11.393913	0.196448	41.562775	0.041515	361.746684
2716.968344	3.010737	0.185421	60.547755	0.046647	211.358328
12328.735647	6.877084	0.062173	40.218146	0.022740	284.708714
2788.879927	13.966347	0.038906	70.252237	0.026660	220.270327
12943.699513	2.738050	0.131097	60.929073	0.054547	326.777458
18375.834967	20.026526	0.087286	67.961495	0.009947	374.479749
1406.337476	11.255090	0.293757	63.520376	0.007238	185.559363
6480.593403	14.985307	0.218157	67.956708	0.005197	251.322899
8758.885046	3.087674	0.233315	62.483814	0.026599	264.224474
9279.437417	21.207262	0.270146	39.049560	0.019684	294.949040
1074.131256	8.769736	0.273183	38.080647	0.044609	206.649505
10186.276462	8.393917	0.228875	52.312741	0.022647	286.357725
9782.424317	13.818099	0.177253	55.267623	0.014959	275.316489
6006.107906	14.646838	0.291339	63.381366	0.020041	254.000893
4025.632687	21.026449	0.300726	33.738670	0.005057	211.715366
14903.806858	12.999703	0.102492	52.389499	0.017250	325.936238
14073.488510	15.735784	0.055918	67.333829	0.016542	322.660802
13542.283648	18.237769	0.229496	69.589839	0.053851	371.695105
6568.219657	15.370231	0.271678	62.787681	0.017575	253.494141
13956.009237	0.116306	0.186489	47.704644	0.021977	291.791486
5446.163071	12.430693	0.026329	69.839028	0.010085	226.272637
15599.835349	14.741950	0.281223	35.060963	0.046471	353.749327
18855.908724	8.410281	0.198790	51.993668	0.025925	366.464203
7945.117029	8.673630	0.225212	68.463278	0.039684	278.106060
1128.790607	14.217808	0.051702	54.662909	0.011298	180.479152
1857.135270	13.108722	0.261954	54.418963	0.056775	245.462450
9926.963299	17.371240	0.078487	55.210538	0.037136	301.452545
1211.787431	13.318346	0.079566	63.189650	0.035556	210.203763
4799.021614	8.410242	0.059133	62.461188	0.053964	268.443284
17682.474814	16.796015	0.170981	34.398848	0.025963	362.542215
1300.976271	1.054866	0.285722	70.648064	0.002073	161.837129
248.697417	19.855144	0.038073	59.379323	0.004448	185.689149
15347.858017	21.489109	0.251633	38.538436	0.042403	370.907647
12684.381663	8.593860	0.221959	56.039951	0.028869	315.797364
302.510917	18.231168	0.043708	40.212312	0.055441	216.826500
15941.823314	19.908337	0.104302	31.978236	0.041477	361.727172
5989.684219	19.326910	0.108105	46.685362	0.006386	236.203162
9357.823715	19.304514	0.235742	57.951840	0.039559	311.520168
12552.312953	9.446108	0.153844	49.012567	0.016704	292.981133
15017.298847	7.932375	0.043073	48.116787	0.031229	321.744338
14679.822447	13.907559	0.100534	64.129933	0.024347	333.005699
1292.737761	18.868649	0.272954	47.659528	0.036138	218.346105
8010.115122	5.891793	0.206219	46.124690	0.031099	250.410588
11465.683040	22.100532	0.245299	50.366805	0.029148	331.645763
13792.627555	6.617689	0.271152	46.794200	0.041171	331.596469
3804.057598	11.685450	0.292514	35.244963	0.028232	225.469986
1079.362085	13.941723	0.147890	60.400461	0.023419	214.234517
742.472152	14.438291	0.158435	49.405329	0.047923	217.533527
8364.860110	19.984782	0.187483	39.771105	0.030458	275.957783
14531.281225	21.066340	0.060246	47.728253	0.007797	322.245519
7304.828254	3.975756	0.139633	61.800746	0.026112	256.914972
4719.995886	19.049459	0.075272	62.865176	0.056928	276.020995
16542.640742	6.360632	0.124499	40.184147	0.007628	317.831924
505.138054	6.535357	0.138852	50.351655	0.035236	189.300286
14081.782399	20.717603	0.256894	55.825275	0.043131	374.645946
2647.629234	5.855330	0.054999	52.698811	0.015928	182.002842
16763.468916	2.478747	0.190223	59.870964	0.013254	322.550178
8108.797397	2.429948	0.211927	63.115229	0.032578	259.733241
19953.928648	3.342436	0.284693	61.287037	0.054477	397.985817
11462.145474	14.391919	0.103447	44.494031	0.057155	332.460502
11060.890656	8.531005	0.085415	51.733003	0.031455	286.629793
11948.579055	3.458427	0.158270	44.019274	0.033373	285.217584
4832.798463	1.841350	0.063977	32.136292	0.019538	189.215664
10708.224935	11.656788	0.299254	42.077940	0.048523	315.937753
18657.343366	12.539092	0.125943	32.500058	0.020492	354.311314
13398.015120	10.672178	0.056396	35.113587	0.038743	311.962636
1718.629886	5.879744	0.056321	40.998904	0.023708	171.457090
8902.261141	13.461686	0.172887	41.513399	0.007064	247.083493
12789.484843	18.790044	0.042700	67.377787	0.042415	339.698826
1578.365350	16.292028	0.267321	44.253896	0.007469	190.374647
9953.646153	11.428595	0.048415	65.044825	0.050534	305.429883
11673.931446	21.366564	0.037165	48.728721	0.005275	297.957406
8573.254743	9.453735	0.265623	60.427753	0.003892	250.614577
8719.491745	3.741372	0.246993	55.323697	0.036767	268.645094
19977.425142	4.582059	0.185401	39.620118	0.020365	356.451177
7359.758970	0.459407	0.264652	54.205371	0.055954	276.426573
15978.882992	9.037997	0.043949	39.645264	0.018293	315.247873
3235.912049	9.650565	0.281457	39.467030	0.034532	223.489418
10652.204329	4.951523	0.071970	43.881562	0.021201	266.530476
3159.522109	6.477200	0.248089	62.116091	0.007712	193.950441
17012.239509	18.734908	0.181613	49.763600	0.009918	352.808643
2993.572082	18.785084	0.182414	53.691034	0.054720	247.038721
7114.176884	4.103492	0.062797	34.879497	0.009856	205.904211
15500.278808	0.861545	0.057694	53.337112	0.003625	284.771384
16804.596473	21.069398	0.083593	51.798848	0.036823	378.064622
10729.001679	2.796939	0.047046	61.575917	0.057088	292.993242
7207.088999	15.338657	0.273169	54.041764	0.027067	280.393272
8401.083566	5.089495	0.247428	37.370109	0.040420	265.722794
15031.131827	13.170721	0.273196	62.486841	0.034827	360.115687
15284.085136	13.627682	0.135258	37.402651	0.011848	307.373585
8371.305588	7.302383	0.045544	62.045004	0.013412	247.730992
9447.160996	16.608779	0.215024	45.974716	0.020329	285.082942
9709.801921	11.453378	0.176800	58.884138	0.032512	289.967807
761.279350	16.048512	0.033211	39.885649	0.054830	219.562548
10061.548313	13.268916	0.149707	58.538163	0.009240	280.688349
10443.342086	8.351380	0.088222	44.986930	0.012355	263.098168
13279.996529	9.273781	0.064427	56.200674	0.055478	337.308090
7426.765654	18.606863	0.189988	60.975876	0.008267	261.808450
13118.398156	6.515717	0.225164	48.578483	0.016713	297.971420
19413.341238	20.333236	0.078161	45.860394	0.007922	367.621996
1327.123348	7.170016	0.150260	36.469226	0.041152	192.493508
3979.512290	21.965652	0.189619	64.397915	0.056092	281.918898
11243.529852	16.134753	0.222976	70.576141	0.010362	310.190263
18510.567076	11.421596	0.275015	65.197971	0.045365	395.829229
11634.189772	7.053886	0.298165	42.845760	0.039947	310.580301
6219.144550	2.415903	0.168966	58.015989	0.009635	208.178482
3207.012592	4.664895	0.122992	50.286025	0.008955	183.659225
9505.788481	19.716906	0.102596	67.954963	0.057662	330.671859
1636.599878	10.706552	0.202699	42.587188	0.046888	216.593804
19731.351964	3.754325	0.072628	46.376039	0.013290	333.021215
2994.355607	0.476566	0.037609	47.360403	0.047026	202.742161
3132.694203	2.431922	0.168848	69.851364	0.037434	209.473433
14229.590945	19.129528	0.257183	39.594620	0.034404	348.383851
8782.357917	5.717281	0.114672	39.651568	0.021172	244.982167
19704.804205	17.588095	0.178936	50.765570	0.041311	416.853503
12485.030232	21.802522	0.263825	34.249236	0.012151	307.064202
14912.688153	8.786387	0.044827	65.842488	0.051304	355.741651
9292.311425	12.188417	0.133516	47.001821	0.048081	293.370433
13440.100209	6.154188	0.090417	35.899052	0.013552	281.907842
7761.228776	0.019630	0.066304	40.383020	0.049730	254.307645
17971.324253	1.841523	0.047804	39.679812	0.054813	370.744635
16545.589814	7.440399	0.039754	56.427962	0.034718	338.074168
2548.037936	19.508991	0.239623	45.620029	0.020590	225.460724
6881.145808	18.637157	0.294703	39.547300	0.032018	270.816573
18422.163638	12.010973	0.082250	59.212291	0.014363	353.045533
13994.080940	13.404653	0.025738	36.924775	0.055494	343.723276
10626.241538	10.512025	0.129979	69.600744	0.028066	293.926872
3477.058296	6.401671	0.280771	42.890587	0.038605	225.441246
11941.182817	14.857235	0.151824	46.606464	0.012848	293.480573
17600.344860	11.324635	0.112975	49.231718	0.031682	356.607647
18141.130837	0.788153	0.304559	44.673346	0.035897	353.329685
17085.171262	3.118131	0.027913	66.334276	0.025302	339.784579
6536.361231	7.923279	0.090457	57.622816	0.058146	268.787175
13241.542108	5.621158	0.219072	56.135248	0.044422	328.922037
17042.758195	1.370592	0.286175	45.662448	0.052139	371.083963
311.562182	7.315175	0.210385	59.375572	0.030628	197.535474
9519.383149	4.283213	0.121925	56.016562	0.010567	253.779914
13820.474694	20.912185	0.265344	47.441942	0.004425	318.208348
17198.543263	5.812741	0.069243	44.316183	0.040792	347.593270
15637.173846	21.288819	0.294127	52.705822	0.014502	354.013786
219.330129	3.385571	0.297271	59.953455	0.049953	202.701258
11244.261894	17.269654	0.064761	42.991553	0.027011	297.562834
15847.603612	2.530518	0.255251	57.245102	0.017430	329.776445
9120.463374	1.373901	0.115001	41.697536	0.050493	263.628290
1122.098673	13.757074	0.084282	62.641023	0.050144	220.861745
18856.620368	20.871364	0.105482	55.087761	0.030149	389.613541
9236.403853	14.633964	0.092899	68.152605	0.037661	293.949220
16021.935692	14.550732	0.128481	70.055356	0.009965	343.484705
16557.769870	0.319897	0.279933	69.954897	0.058136	371.648020
5340.090390	3.670702	0.066900	35.847421	0.030836	209.761403
10037.242948	21.338858	0.066928	49.489199	0.017277	288.260416
4602.096876	4.654154	0.249832	68.397167	0.023212	223.438565
16898.463587	13.000246	0.244296	50.230486	0.037624	367.619729
9681.139332	14.210559	0.164977	69.065598	0.041515	314.947213
19454.024204	9.853351	0.197860	57.496291	0.045431	406.095825
17762.625183	1.016675	0.044243	47.903526	0.027268	327.731823
1057.010279	12.286398	0.121746	41.927860	0.002591	161.086324
15118.811674	17.314669	0.250890	46.873541	0.013636	335.804539
17212.413355	10.789603	0.222762	41.982253	0.003242	325.164050
1298.188443	20.142993	0.269415	61.945887	0.005335	203.183414
15607.285423	4.308250	0.095940	44.500891	0.026959	315.485850
8670.793104	17.422770	0.184533	48.659685	0.036499	293.814860
10024.239727	1.225915	0.176834	62.913823	0.019740	264.012148
19083.913126	15.520547	0.203070	52.913353	0.029450	384.274741
7760.520117	10.862747	0.058747	65.293222	0.044676	277.007697
15171.655225	3.080956	0.180353	52.405199	0.031408	318.668471
15995.353006	20.324064	0.128009	32.245866	0.055420	385.748087
999.033752	11.605770	0.290546	69.938666	0.052820	233.737604
1392.459836	3.662063	0.029947	70.363581	0.005996	160.703417
14284.898908	20.469697	0.069082	38.241986	0.019274	327.369016
8498.306592	8.585765	0.062400	70.956763	0.052483	294.788085
10227.613275	21.002578	0.057709	34.376022	0.027300	293.691785
18251.355263	4.381886	0.270342	67.557713	0.039609	374.728720
17139.119840	8.196461	0.062222	38.093826	0.035378	344.990046
17736.881782	11.702622	0.138982	37.749482	0.008916	337.944895
5641.386070	5.226532	0.084327	52.091729	0.040910	232.933671
5684.823327	7.159534	0.148763	43.029288	0.053266	254.699496
4504.828968	10.364265	0.032134	67.201806	0.014852	206.039234
13317.787982	11.752914	0.185603	61.588426	0.028828	319.415466
483.105704	15.674797	0.180430	32.834485	0.023841	175.948926
3396.074350	16.381859	0.171983	50.104919	0.052828	258.155937
2096.007735	3.172890	0.146122	67.381580	0.023253	198.801141
13398.569626	11.288031	0.053119	66.583633	0.053187	343.840252
7066.550971	19.151292	0.230635	52.228524	0.030093	273.415348
6420.445844	2.945653	0.183835	54.131465	0.007869	205.711832
17816.198128	16.981640	0.249577	51.917333	0.005954	358.390315
8900.663051	5.145462	0.085774	71.294617	0.010219	254.059197
8822.207343	13.339304	0.042013	49.827831	0.047593	287.177399
2666.899219	20.480822	0.166418	65.272615	0.046915	252.766791
14068.029525	7.880553	0.237322	51.525399	0.032588	317.544121
17595.052420	0.079422	0.287373	41.766401	0.005236	310.350600
3624.859712	16.960332	0.140449	42.594713	0.039944	239.170094
17365.969791	1.979291	0.174010	43.230055	0.011443	320.753699
2546.735844	0.348852	0.301380	48.624815	0.012137	174.772629
4970.366366	11.616759	0.036271	50.045675	0.040406	239.120138
13303.385091	9.457581	0.093324	52.489799	0.011517	296.073789
15223.114832	1.980039	0.171023	59.917673	0.051971	352.387982
5122.823216	0.917272	0.159606	38.938562	0.044189	223.564518
2090.591869	4.024462	0.094363	32.072182	0.037325	191.922705
4185.507726	19.850610	0.270455	40.239217	0.031369	242.274210
15180.879759	19.911423	0.282314	68.197387	0.018640	365.839261
10111.485982	17.600160	0.040022	68.771948	0.022085	297.430122
7496.176084	16.255410	0.037213	66.389584	0.052265	297.459037
9340.457713	19.776222	0.051709	67.924401	0.041314	314.987139
3979.750088	16.846762	0.086765	52.236560	0.026085	227.673715
2206.205981	18.785053	0.105130	35.297061	0.036971	216.094452
3611.157405	10.004522	0.082528	42.337080	0.005819	186.049512
14929.018817	16.362834	0.166038	52.166373	0.030582	351.522803
5003.280815	11.444522	0.068679	31.833266	0.028695	212.701299
13234.521200	8.735931	0.076860	58.655483	0.046319	330.144452
13685.234417	5.527257	0.162658	43.468621	0.012766	293.071083
8970.261724	8.054790	0.300805	46.243942	0.013263	252.550329
14843.685996	16.464050	0.189301	67.359825	0.048816	371.026268
10247.577555	17.973149	0.133425	65.212187	0.005716	281.015622
1382.766584	20.065966	0.183379	43.111141	0.006189	190.117364
12964.835979	10.811324	0.165438	50.503976	0.043383	322.378699
18069.237642	16.740991	0.099089	54.927316	0.025634	371.978660
11377.233044	6.611684	0.058100	47.325782	0.040358	293.945488
10709.447049	9.127655	0.207497	69.643584	0.014831	297.055243
19940.633901	7.458563	0.201705	45.337019	0.017477	362.038570
3703.406915	3.726185	0.269785	50.273980	0.004966	187.236008
1850.138952	16.629302	0.033134	62.496314	0.006600	184.224904
5345.279872	18.007623	0.027200	40.082742	0.007724	217.891421
19682.772162	14.730646	0.147177	37.195226	0.036810	394.797642
12908.541058	13.542059	0.179973	62.938001	0.058342	348.329386
7766.596874	21.796231	0.138086	53.645752	0.002630	264.454869
1521.370796	17.050800	0.136593	49.886250	0.048566	229.536100
19284.328066	8.927042	0.134537	46.468347	0.030510	363.032323
6282.696573	5.466318	0.303327	57.398337	0.024256	242.740055
14915.340433	9.541742	0.095890	69.399386	0.027986	338.613951
12238.645992	2.441341	0.252824	36.560207	0.028038	293.522913
4279.851332	4.452726	0.082174	69.529075	0.028149	216.662989
1150.741577	4.439898	0.201666	69.538366	0.034298	205.031934
19888.442232	5.821897	0.028343	32.956675	0.011095	344.710635
16442.739788	19.163334	0.292886	61.201313	0.023315	367.391587
4294.724579	2.948340	0.303478	40.541223	0.049667	227.271961
18933.327267	4.986429	0.233661	69.553995	0.005610	344.763736
1408.592263	18.566949	0.216996	33.463755	0.005350	183.764240
17280.866374	20.268825	0.235960	33.903617	0.013257	352.633328
13364.946392	5.286195	0.087400	66.423626	0.005836	285.855938
12145.487318	5.389283	0.275208	46.320495	0.023784	289.962831
4156.334277	4.790025	0.074800	50.169639	0.044795	225.126322
7311.081954	18.774960	0.172610	67.723112	0.043591	291.650362
4127.609502	14.761815	0.139510	47.090069	0.028665	227.731245
19352.750387	14.277494	0.107362	40.325231	0.037625	376.451485
4149.678310	18.491479	0.033040	55.160616	0.033882	240.499690
835.181375	2.164037	0.097155	62.417626	0.043570	188.612770
2005.685001	21.691028	0.036213	40.767280	0.012267	193.466456
17353.880197	4.411126	0.029099	67.286298	0.025472	342.453923
4585.622275	15.190941	0.120475	35.566528	0.051634	254.164073
9636.045362	2.264624	0.089175	37.872229	0.024978	258.732376
16265.667593	18.745896	0.265259	63.415551	0.002342	349.677730
19358.827765	8.956508	0.140970	52.820209	0.051981	395.165613
3941.138895	6.954073	0.192049	52.619857	0.035927	221.069041
10682.965464	10.313887	0.038367	61.050956	0.014293	276.316356
16680.521270	15.316883	0.084778	45.879306	0.041234	363.039486
11183.714095	10.740056	0.272463	65.827735	0.030044	302.139474
8707.940581	17.157167	0.091504	61.795040	0.020961	276.863189
12982.434748	1.416198	0.121936	42.655633	0.004277	266.795168
17514.899568	4.505006	0.130828	55.904476	0.016546	338.807136
11443.290111	20.057313	0.254808	52.025432	0.029657	322.753130
4161.856954	2.041101	0.189071	42.666005	0.047797	224.489955
14162.208010	6.988889	0.193637	57.776299	0.017867	321.319218
8689.955604	11.208985	0.300441	35.139525	0.044792	287.021572
11800.557435	20.984503	0.050313	52.901730	0.020293	314.430893
9197.937862	6.534662	0.176061	64.646269	0.053890	300.897893
1182.090853	1.327747	0.063462	51.752987	0.048546	198.051173
9784.648431	11.679692	0.034387	65.914076	0.034290	278.716523
12540.949392	13.580578	0.108097	62.872012	0.008653	306.899417
5605.551957	8.722769	0.113996	69.416084	0.044054	253.592277
18402.198980	7.803121	0.027540	36.669509	0.030270	347.484423
14358.067100	9.122565	0.141299	37.782891	0.050176	346.719548
16601.462887	15.983134	0.191250	33.710561	0.051056	372.138599
14770.403923	9.704162	0.289195	61.068717	0.049564	358.905325
13627.045604	10.059789	0.180812	56.257723	0.055379	339.402371
2026.813196	10.521157	0.115073	43.682082	0.049918	220.107783
17922.231621	16.989061	0.130296	50.657350	0.017885	361.134043
3855.443385	21.161324	0.151102	63.481084	0.020766	242.499302
18908.406918	17.641124	0.168895	35.124122	0.043128	390.542830
18047.085943	20.744039	0.259098	66.509007	0.013056	374.429047
3993.706992	11.969705	0.135406	62.476820	0.012338	209.285019
493.348748	13.772373	0.269981	71.248308	0.005048	183.906968
2937.669165	5.736374	0.213479	53.897075	0.037421	217.086102
10612.543912	19.581394	0.225786	66.594766	0.056963	341.768229
18200.220266	12.616206	0.209660	48.832370	0.054928	399.824346
8163.862134	16.115050	0.103551	57.932438	0.034267	280.506149
9537.906951	9.444699	0.122909	55.991071	0.038388	287.684167
6384.204232	14.476720	0.287772	42.502214	0.052275	278.924252
14751.224025	8.996831	0.280674	66.066925	0.036063	343.882671
9306.903764	1.892756	0.156583	70.503264	0.037564	273.612010
4857.802851	22.191825	0.029827	46.707240	0.022962	246.156764
5942.850493	7.901541	0.188356	43.614930	0.037912	253.656055
4323.357205	16.747745	0.155304	66.549658	0.053072	270.275290
1909.464569	10.859604	0.158979	62.535431	0.018799	194.895714
2972.701307	15.336785	0.120801	41.219652	0.047638	230.196403
3788.497531	9.849099	0.097763	45.153620	0.034860	225.344956
2950.412795	6.109885	0.031842	68.616646	0.031829	212.225045
15370.639596	16.735556	0.177962	66.570476	0.006122	326.301342
5496.192818	19.566089	0.303507	32.022334	0.034688	261.053275
12199.982371	9.507572	0.246053	32.097323	0.012484	282.297943
6382.844531	11.259800	0.241996	66.389523	0.017192	256.585447
6397.301965	16.397248	0.091909	67.146876	0.056386	292.099619
5593.684340	12.826366	0.290179	34.456217	0.025009	234.670018
13915.430727	14.471933	0.077803	52.958275	0.046975	336.589733
8218.323535	10.590904	0.129892	67.151385	0.050349	296.275031
12144.121409	7.358275	0.272854	60.639200	0.058015	339.133415
9247.327859	4.982523	0.151573	43.383975	0.045705	269.552160
13761.310911	16.530327	0.177608	50.696102	0.008983	320.450433
8680.799024	13.404305	0.053491	39.056787	0.029447	272.731937
12019.689454	0.724831	0.290258	54.371596	0.047106	303.313242
6901.090776	15.521689	0.213369	68.655301	0.015599	258.396150
11467.502484	13.725787	0.255483	40.990819	0.005148	282.976129
8846.532739	22.152247	0.189654	40.654215	0.034685	292.704153
14079.408697	22.030238	0.279590	55.819355	0.004952	337.066291
7736.802650	7.186965	0.095375	61.229464	0.017663	244.987389
17885.651651	14.407539	0.204522	46.507988	0.007088	345.803415
17492.039875	17.287317	0.225219	33.773229	0.030034	372.507142
18106.865941	10.388969	0.265669	48.482278	0.053885	399.596577
5666.803045	9.514951	0.171019	50.936701	0.051768	260.851126
11488.756501	9.302112	0.242164	42.861274	0.011118	279.579233
6067.304126	6.372455	0.237660	68.578212	0.014126	225.722275
6511.624283	5.655990	0.296493	39.614849	0.023403	231.990173
16789.746088	0.193609	0.253384	69.518518	0.026199	347.039458
16465.596600	3.683004	0.055416	60.122861	0.003122	303.873030
10678.373429	12.560987	0.170529	63.484610	0.051000	321.309779
9635.151836	2.470852	0.204596	35.921302	0.029993	254.532221
7351.633547	11.295208	0.194958	38.635754	0.040572	269.084634
12985.386540	18.875354	0.170166	36.892817	0.022778	313.400256
18644.513844	4.114848	0.096397	38.496805	0.005269	328.227813
8398.683085	1.156283	0.029494	40.713576	0.050777	270.549071
230.428902	9.845376	0.268921	43.704532	0.058358	223.268977
16966.407552	19.511393	0.185356	56.195341	0.010815	352.101744
10406.923049	0.474719	0.103982	56.287798	0.022595	252.140514
8997.992899	11.102636	0.187800	61.170582	0.048829	307.540211
13598.816032	3.706861	0.084039	45.529037	0.018439	290.810253
3037.817254	3.514355	0.055423	33.741225	0.041255	198.267092
3472.621990	12.999716	0.151251	54.534140	0.026555	211.963118
2806.697484	1.776497	0.076569	70.827126	0.027921	194.818692
8542.000527	1.627802	0.278846	33.333322	0.008317	228.467285
7026.553356	22.010707	0.256257	68.428401	0.003119	267.090819
10530.818629	5.823557	0.075682	56.978082	0.056084	309.989684
453.294718	16.741718	0.181547	51.671475	0.057574	221.795576
9553.493994	14.679245	0.167872	67.276819	0.009690	278.372883
19865.472129	17.381836	0.097263	49.948224	0.043024	412.744324
4630.201566	13.751966	0.297289	39.507693	0.015587	228.278885
7543.872605	16.073672	0.247120	54.829349	0.046373	290.418741
17154.159221	9.558837	0.126527	51.759065	0.011451	332.261086
18185.343541	5.246077	0.032077	60.061633	0.046950	378.086838
9676.057282	15.369070	0.208535	54.731586	0.030260	292.127965
18311.434348	15.927718	0.069535	69.019390	0.008327	360.406249
855.558373	11.768239	0.120515	68.183494	0.043709	214.617885
18845.139271	0.855763	0.157637	33.146998	0.053632	374.588568
18920.671543	6.807297	0.073141	38.244221	0.049698	385.803654
11617.516370	3.095431	0.046463	53.091945	0.028062	281.847931
19049.735097	18.369949	0.159178	62.351967	0.027094	391.842877
11066.238303	22.046993	0.169216	43.012402	0.023658	303.818084
12990.771052	9.373677	0.223693	63.410503	0.003302	299.546172
9702.300113	20.638900	0.237362	44.521397	0.025335	304.639609
15662.155260	16.115516	0.105848	60.082259	0.040104	364.557820
2607.666252	5.943348	0.263045	65.368381	0.021062	201.995065
15258.801535	17.643578	0.085795	69.937803	0.049994	370.876281
13471.275093	13.131190	0.172567	47.599689	0.003900	299.651863
14152.717238	2.479701	0.255485	51.914656	0.037652	322.067313
11326.175527	18.058688	0.190563	63.093854	0.005174	306.998876
9166.859432	0.338209	0.278426	47.283844	0.042818	271.588515
1841.964484	22.000037	0.120137	37.531871	0.037285	224.267273
2246.702740	11.478187	0.254577	42.497209	0.041732	224.709184
9202.924789	21.814159	0.113074	63.455119	0.057478	330.805591
15850.097265	11.570020	0.244526	60.744455	0.009348	328.234802
2373.773213	9.214885	0.242243	32.119515	0.007553	175.020995
19657.036336	11.810745	0.123673	53.568180	0.009248	364.972816
10322.504727	13.800239	0.228231	62.935928	0.028050	308.051568
11190.582352	7.194350	0.038126	47.992662	0.002304	250.622267
19309.202524	19.190106	0.293664	53.526472	0.039210	414.504764
12625.635662	3.331783	0.298023	66.317337	0.022637	310.749478
10519.153416	10.878133	0.030254	64.254214	0.056710	313.432658
18818.239373	12.443620	0.106654	61.838695	0.010008	362.372362
14726.037578	0.667351	0.245976	37.425141	0.053794	330.942023
7028.094123	19.146309	0.036786	69.032167	0.030953	275.524093
19742.683752	12.933570	0.102475	37.096998	0.053201	395.429605
17430.631713	19.060238	0.139727	59.204701	0.034702	380.002644
3224.385136	12.768334	0.075780	44.313716	0.040014	218.466589
4164.658265	4.447418	0.158152	70.092581	0.045585	234.953767
16168.201180	3.345486	0.080248	46.795807	0.056212	352.694355
19444.201962	4.528818	0.297034	33.904755	0.044832	392.583150
16221.069740	15.825886	0.072660	34.875192	0.036125	356.855822
3172.500687	1.118555	0.059435	61.671337	0.042055	211.964522
15128.977357	18.467055	0.121866	40.659693	0.002827	314.437667
9301.086374	10.063985	0.224661	38.404787	0.030251	276.446396
9005.403101	3.899979	0.104721	41.505585	0.031377	247.278042
15441.493443	0.058335	0.280613	57.412350	0.050087	348.324709
11552.490937	18.568401	0.225447	64.238852	0.019167	314.268813
12110.535346	10.111975	0.270380	51.303140	0.052110	327.386362
16961.135328	22.061646	0.078248	51.416538	0.043643	391.276360
11037.318636	0.611789	0.108536	46.525440	0.051943	276.695470
16880.914305	19.834131	0.189163	32.365107	0.013532	348.737141
7762.378841	12.575925	0.197488	35.641687	0.008182	239.410635
17539.510370	13.426955	0.144208	37.832577	0.025435	358.535648
14877.426637	13.686384	0.236904	45.999705	0.009956	316.428582
18183.927522	2.985850	0.136666	64.036143	0.050043	380.709963
9337.496184	14.837441	0.277875	34.637324	0.021560	286.451991
11645.713646	14.544289	0.272206	68.684450	0.045447	334.262657
7633.392110	12.155747	0.274477	37.090491	0.030653	265.956244
15163.196986	13.505288	0.191195	67.910704	0.012573	335.668449
7779.477271	15.975460	0.055512	48.805230	0.043372	278.864137
15033.309039	2.923866	0.264939	33.651349	0.032761	315.023786
540.620666	1.520071	0.085006	65.581922	0.006815	152.224555
15561.132607	14.538685	0.165369	51.759405	0.007184	319.110321
19407.326489	21.407007	0.035043	51.871295	0.025120	390.675933
7246.934160	9.722007	0.272281	58.846322	0.023699	259.713230
1795.768666	8.934832	0.186613	69.272702	0.029851	210.286334
12948.982038	7.278742	0.225209	62.050613	0.044055	332.491335
8717.060550	14.867212	0.256874	41.594172	0.030032	290.837632
13555.416060	11.445794	0.184482	67.698933	0.010399	309.560725
6777.193718	14.461710	0.087538	32.499110	0.052743	267.459492
4380.351679	2.648705	0.044860	52.789480	0.026817	202.120079
17372.763914	18.704629	0.270577	52.165722	0.010973	367.323384
8232.394606	0.710085	0.063297	65.994625	0.027990	253.678438
4148.541778	1.620264	0.248117	35.785621	0.020244	193.606215
5683.392059	9.842313	0.281793	61.875591	0.015917	227.802072
11047.756607	11.754908	0.093975	63.530560	0.032159	305.056580
15254.205821	21.824210	0.059695	56.337702	0.005695	327.705005
2138.369893	16.786670	0.048634	50.078997	0.025485	207.318178
4603.055065	18.842326	0.297965	57.598611	0.010218	231.426810
6828.551738	15.578201	0.053419	32.353290	0.046052	267.814940
13519.199613	18.643229	0.050623	58.706939	0.029341	334.819117
18850.116091	4.776064	0.026248	59.421350	0.050338	376.683707
10847.754436	12.795903	0.262530	67.826401	0.034388	316.738826
13835.825247	8.228853	0.152776	56.574643	0.022022	309.455289
735.500242	2.282800	0.105270	61.392487	0.024364	186.721125
14293.385190	2.005746	0.110622	35.525658	0.048966	319.696858
17519.074383	10.162356	0.110022	44.347840	0.021842	355.788274
16552.520759	8.967753	0.198229	42.821103	0.043921	357.148383
4616.798251	7.480759	0.091839	37.474963	0.002746	192.940389
19554.624473	6.034251	0.118123	45.011348	0.014592	350.425175
18024.800113	1.126846	0.236156	65.218346	0.054082	382.946025
7754.367878	18.722843	0.166850	51.637987	0.019917	269.833316
17902.095325	10.678955	0.163327	59.938329	0.034057	373.941756
16900.490421	4.475340	0.211938	58.978235	0.049151	370.121936
15116.972825	2.157444	0.155197	32.138278	0.012343	290.828303
12202.072022	17.981367	0.269308	39.959299	0.024357	317.734364
2601.321274	16.940483	0.075678	68.567280	0.017583	213.343238
6623.738670	18.474310	0.193018	35.745915	0.002825	232.411193
15809.465275	19.097836	0.238429	33.993003	0.036515	357.848301
10714.775225	19.167678	0.234413	58.575757	0.017144	297.040759
8692.679425	20.567994	0.231460	45.861275	0.056915	315.694750
19321.637309	10.944361	0.150151	46.026120	0.035588	378.516788
9944.391082	3.729975	0.160519	43.219812	0.022093	256.054623
6121.630979	0.217652	0.069170	45.106015	0.027200	223.917839
2207.322140	17.455820	0.214445	48.568631	0.025187	212.860688
691.671313	18.453302	0.303080	41.708302	0.030135	206.898302
19481.515001	4.889330	0.047639	58.174276	0.052894	393.306065
1366.198926	3.173148	0.227071	37.280362	0.027510	177.346540
4096.895588	17.683323	0.270280	40.468132	0.010181	218.321693
4925.745644	7.416774	0.224953	36.778142	0.037226	235.045645
18143.682547	5.578018	0.147306	56.089402	0.056650	383.439477
17054.960051	7.376165	0.170133	64.759553	0.026421	363.360127
13493.010099	5.496856	0.218858	59.702694	0.031972	323.808310
8387.391402	14.683429	0.031234	52.599447	0.028980	276.087495
12698.097994	3.068665	0.112892	31.816759	0.045062	299.179145
5276.150613	8.308008	0.193604	48.198260	0.022974	226.226277
2646.428048	12.383017	0.124841	34.993930	0.026401	209.010919
8763.283146	17.746256	0.128554	65.788395	0.019617	271.895174
14144.472933	0.483739	0.080089	44.266477	0.028846	289.920339
265.985147	0.337914	0.137951	54.108389	0.030735	163.262303
11125.349527	0.103308	0.110747	59.345564	0.003032	255.408297
4997.517472	2.827457	0.115293	34.122826	0.050899	230.780609
10543.769714	9.044192	0.027682	59.390675	0.033004	286.636040
8027.751930	20.799249	0.238703	53.585805	0.046849	312.102236
14798.016569	2.098827	0.232403	54.143354	0.026017	322.953525
6620.303817	0.947461	0.168310	36.267308	0.024442	222.406679
9482.396693	9.325171	0.238302	34.487307	0.033305	263.162200
435.157471	17.843469	0.045101	64.294707	0.026495	215.128532
17996.869082	10.030491	0.237937	46.186189	0.031884	373.116242
15246.340397	10.638845	0.268035	57.354553	0.032712	349.480858
7921.454113	8.603726	0.069151	70.834854	0.044749	289.760845
9755.934281	3.967380	0.201452	68.176780	0.046814	300.412732
8270.531534	16.735453	0.106668	64.669475	0.003497	263.595287
1745.248606	2.103990	0.216133	59.875786	0.037848	205.466978
15868.610380	17.552042	0.209790	33.499427	0.051689	372.100891
17518.441873	8.250581	0.302265	67.408756	0.008659	354.673958
11915.709836	21.606877	0.168872	56.693541	0.042260	339.842757
10027.244554	10.966196	0.090989	57.664682	0.033037	284.051326
15431.634811	10.834443	0.259054	49.159680	0.003375	320.687588
13031.584411	0.628235	0.038864	34.338168	0.041289	288.126475
16549.789442	10.420433	0.288801	59.667574	0.019754	355.839451
6603.936172	20.696223	0.197800	58.330253	0.056068	305.784571
11310.688655	6.231406	0.224741	52.621720	0.048808	310.587222
6962.523810	1.037644	0.079448	38.912995	0.024187	207.936700
6331.512543	15.598453	0.173561	41.856075	0.025771	248.703301
7134.400112	15.736829	0.209083	69.575044	0.051910	292.153871
2467.610226	12.478640	0.209653	70.487666	0.046929	242.924628
579.757719	5.528848	0.294290	64.090665	0.041586	205.765168
11374.882259	0.988746	0.277599	51.292199	0.019528	278.499012
9801.248690	8.387047	0.101400	34.715706	0.049116	288.570273
7270.527463	20.082526	0.030324	55.062179	0.041442	286.967339
10466.292064	10.565512	0.191807	68.258134	0.006270	276.668882
9001.490121	12.935613	0.189238	61.092826	0.017060	281.419712
19996.969791	2.592880	0.062581	35.511945	0.048447	380.721119
6966.282598	11.980878	0.284996	33.075367	0.002076	227.778556
7211.967334	0.713909	0.070460	55.096484	0.015394	210.836932
3872.294979	9.342400	0.037000	35.429682	0.039581	221.516033
839.132734	21.274667	0.208199	39.135753	0.041952	217.388562
15018.505732	8.865258	0.076198	51.957057	0.003461	306.040145
6405.470078	9.072475	0.247586	42.300978	0.029686	252.302570
11513.997487	18.248582	0.234799	51.517458	0.050961	337.390147
4318.868387	5.426092	0.273719	65.734323	0.019957	225.903755
12900.667140	6.799007	0.291478	57.166806	0.010256	304.328387
12284.196045	12.043632	0.074215	68.485052	0.030732	314.665707
9277.300268	13.824601	0.196449	54.014510	0.057650	327.322884
10071.395294	2.146429	0.112262	68.996240	0.048260	291.015588
11411.016999	12.480337	0.126306	65.450293	0.007576	283.078414
3053.708099	18.766433	0.196271	65.605942	0.044992	264.354597
19988.721450	21.036708	0.110691	69.234138	0.017716	401.220500
14558.839459	15.789772	0.221378	64.213636	0.028502	351.701846
1319.869201	12.351763	0.211293	48.752743	0.006390	175.343211
3771.755954	21.344516	0.054407	66.689494	0.056647	276.903410
3288.248471	12.144626	0.291324	53.410057	0.017165	220.639062
16693.422637	18.047278	0.213294	39.651386	0.050356	384.072656
15127.490272	0.445142	0.197847	36.808047	0.032427	316.951975
8000.285413	19.461301	0.026254	61.413350	0.035138	285.576956
1312.271201	9.180066	0.286243	45.342905	0.030803	190.347534
5537.810636	20.768923	0.091631	57.295018	0.005294	235.555504
4239.919070	7.029265	0.194649	60.418108	0.034810	227.366179
12695.373576	17.974968	0.236320	48.516759	0.008367	307.503223
14974.083776	19.314701	0.142115	55.624574	0.039027	361.888571
11465.302392	19.687338	0.082103	55.172540	0.003609	295.648956
2562.272129	1.011234	0.066109	43.908143	0.015270	162.077918
17498.859389	17.624491	0.215934	70.663863	0.024557	385.774643
13303.168922	22.179816	0.156936	58.994359	0.031105	346.281690
16547.768666	3.033214	0.191536	60.904719	0.054025	366.612300
12677.825093	7.149009	0.151109	69.520362	0.026592	307.551417
1101.759919	5.319876	0.101433	66.434610	0.049319	200.473100
17251.014630	17.459860	0.056075	33.351435	0.052995	378.912281
15966.409547	5.835783	0.144791	67.631796	0.035902	359.543717
4407.634363	18.655315	0.034654	47.534715	0.042710	242.023598
16854.390862	1.749277	0.192756	51.125739	0.019394	321.314330
8446.485101	19.914268	0.076034	52.311703	0.031375	280.861958
13202.630381	2.145958	0.165212	54.227486	0.009651	282.599791
15847.337628	19.622407	0.104638	54.525625	0.030876	349.071846
9481.070009	20.682365	0.275130	55.210276	0.054190	323.572874
1741.136510	1.581140	0.264325	36.982932	0.042785	195.730874
9068.379998	8.482687	0.115309	53.316317	0.045319	282.408493
19172.146530	21.667586	0.157829	61.778537	0.027954	406.020967
19529.208181	3.142917	0.204435	33.702379	0.052371	378.121340
11331.311432	1.646391	0.229729	50.433538	0.025779	275.281252
17847.038750	7.212561	0.136282	44.209318	0.045602	367.545076
6692.074499	14.632178	0.078321	57.388839	0.032016	257.872850
7110.909877	14.190759	0.060940	52.066684	0.033372	266.227318
2407.368904	10.411135	0.170865	68.153590	0.026580	217.676128
16336.737224	1.221900	0.093831	66.102621	0.026374	330.763394
11791.350049	0.184638	0.275179	50.664457	0.026533	288.807940
18047.508320	21.990085	0.213530	65.495079	0.017096	381.514889
12053.366985	5.435437	0.170128	54.680611	0.028732	298.725292
15482.271199	22.125808	0.044604	49.394588	0.028728	348.755478
10080.240045	11.766977	0.225800	64.198426	0.058269	337.245880
14451.094981	16.337571	0.184033	46.057877	0.014733	322.527049
16806.227657	3.503090	0.071413	38.114549	0.056921	347.327299
13364.542508	1.052410	0.295743	55.376387	0.044192	325.068070
11435.004975	1.496084	0.111546	45.227268	0.056685	312.197039
9924.696089	9.836176	0.176504	37.605409	0.005019	246.318993
11991.865208	0.202582	0.301282	69.325796	0.041655	309.002019
8228.383581	11.289842	0.129285	52.562723	0.041714	280.835065
14384.533147	19.118317	0.279277	34.415520	0.010741	327.385798
3466.681489	21.182818	0.080001	33.423019	0.023189	224.349198
8019.174180	11.287039	0.152322	40.563140	0.033774	262.436221
1489.474574	7.089796	0.186399	49.263250	0.017061	173.622898
4887.783911	15.089306	0.174560	40.995612	0.054722	266.249426
3358.021160	9.121351	0.186876	42.167494	0.048069	228.659803
360.587170	11.000331	0.212184	45.759329	0.010580	167.604000
5321.053300	1.798448	0.241728	49.787514	0.028342	228.545501
4823.950120	7.057734	0.117905	65.924855	0.036845	234.413975
4343.609570	6.817935	0.127345	54.786235	0.057910	249.877715
2694.589401	2.334172	0.219618	33.637748	0.005295	157.403863
447.608732	9.068689	0.058147	36.946939	0.051092	195.260871
18753.866647	11.283958	0.278880	54.109097	0.028914	383.672561
6042.592762	17.152545	0.026094	34.917424	0.034161	245.802141
18341.091791	20.584810	0.249867	54.341121	0.018326	377.330979
11644.247759	16.207051	0.100694	34.544271	0.052905	328.429603
12742.093258	14.936112	0.097535	44.008802	0.011136	290.456454
13854.365513	19.829292	0.265011	68.051569	0.045761	376.403196
664.821884	10.278404	0.051442	37.853542	0.047226	196.130770
12296.633310	21.118863	0.208187	48.586354	0.031397	335.853152
3163.782019	12.583919	0.258146	43.569844	0.055438	246.190225
19828.296960	9.297002	0.190722	36.475143	0.046813	393.473535
7899.852280	8.797509	0.291346	36.076112	0.041066	266.144948
15815.492208	18.255170	0.175713	70.872158	0.050489	385.756358
19968.942374	19.465822	0.179024	31.991537	0.049488	410.358327
5762.556407	8.841979	0.230149	62.711010	0.024957	245.163589
19799.324633	20.773304	0.098896	43.822297	0.017457	379.302658
16695.532164	18.636456	0.263273	58.554720	0.045423	393.406604
4354.670712	8.798906	0.038821	45.049803	0.032966	217.881442
583.273469	8.261500	0.273074	40.345203	0.010048	161.058124
12039.148384	12.349195	0.090068	33.739335	0.046324	316.907154
7525.315492	20.538521	0.180514	43.825088	0.033584	275.874603
11625.260039	0.010366	0.137687	55.824305	0.058313	312.026890
4802.265814	4.831091	0.252755	49.549099	0.029310	225.938303
10068.449830	6.062598	0.087876	56.887879	0.038633	286.533613
242.734624	11.350939	0.139410	52.264558	0.007538	160.048228
11681.278410	3.284304	0.198632	66.091275	0.051258	323.264637
10812.390052	10.215009	0.070927	56.599007	0.040026	294.851257
17441.246859	8.284704	0.173464	47.283748	0.021867	354.717781
2663.101666	12.805780	0.069020	66.295225	0.052482	244.338068
7094.570414	4.762215	0.266325	69.076484	0.041851	276.100208
7245.748184	10.724763	0.239632	40.793148	0.005947	222.734553
8165.973906	2.109493	0.228209	68.447424	0.015540	240.357494
3332.444288	5.666675	0.209228	69.204723	0.027674	219.021129
16988.737069	17.475439	0.278134	48.149717	0.019814	362.411562
12093.166271	4.028642	0.244756	36.391593	0.003761	256.843905
7115.258080	9.639208	0.180936	49.477705	0.019282	237.048843
12816.959738	19.034377	0.118454	34.410685	0.006962	293.231316
8392.757129	19.125213	0.068458	69.283261	0.039132	303.282456
9630.387618	5.687756	0.175053	57.641313	0.015991	262.476684
18362.867444	19.278870	0.261615	48.706971	0.025963	389.564019
15273.162405	12.639192	0.269116	44.093658	0.050168	364.640707
5291.972145	13.626863	0.288918	34.278443	0.032546	247.465728
2066.169614	5.327835	0.095716	57.498534	0.020639	182.584896
6054.402574	8.143065	0.042791	56.013731	0.031046	235.839853
12688.714130	7.038360	0.275950	42.348006	0.044576	314.525319
14649.365693	13.548241	0.231967	62.938033	0.015612	337.362705
11677.273480	11.265468	0.236112	70.433688	0.027041	316.154924
15651.821320	11.073057	0.253383	37.197944	0.040135	354.909596
12130.202758	17.378105	0.165704	61.648196	0.038034	333.138668
8026.134898	14.967109	0.112847	50.535842	0.028947	270.220994
17338.035761	7.152445	0.287618	36.187124	0.032505	351.566909
2379.849494	21.095898	0.162794	63.102887	0.011975	223.058447
5270.470124	11.246666	0.180157	60.925497	0.015611	229.183219
3989.300836	20.345968	0.067714	65.572534	0.047130	266.699113
2074.409412	1.639283	0.049349	34.187808	0.049910	188.668494
13387.964395	7.489027	0.138999	35.550702	0.011106	279.958511
3232.049049	11.196785	0.084001	32.452495	0.030198	202.241287
18653.946428	13.991322	0.032996	45.295870	0.005701	346.827235
4032.805455	5.040407	0.117755	62.531158	0.003358	185.591329
16444.628138	11.246511	0.039945	51.016192	0.019790	334.442072
9790.953625	12.054317	0.230929	32.366730	0.011886	258.891821
4151.272204	11.378134	0.137052	38.715079	0.008754	198.593628
19466.962243	12.531482	0.268997	49.357277	0.040566	402.268101
15571.209139	3.614917	0.234518	42.246929	0.038340	328.123428
14385.953025	1.363905	0.065771	32.182687	0.023803	286.329064
13448.779020	17.431165	0.031109	45.098770	0.032704	335.358676
16111.564697	13.552270	0.052202	50.670486	0.052458	359.394152
12627.414670	12.358966	0.263864	54.792979	0.022517	306.440058
8021.187798	4.851163	0.215307	41.770263	0.004219	230.993473
11119.525005	1.982118	0.080386	44.060513	0.004178	247.378558
14772.858837	3.055309	0.278077	58.990881	0.035686	333.072805
13533.988307	0.968003	0.275364	33.677450	0.023937	290.883219
15057.991773	11.397017	0.042446	66.035965	0.013292	322.999031
2444.940314	21.068152	0.129595	58.504582	0.015374	216.110365
17954.279763	15.050966	0.188656	36.133151	0.010416	352.916732
6823.649385	15.759500	0.206954	63.339852	0.039862	281.787404
12756.464963	2.342814	0.082368	37.618899	0.011242	272.042655
15312.309076	18.996573	0.118695	44.414283	0.057375	382.919491
12688.811661	9.934833	0.269118	58.947065	0.016592	306.014355
5091.910165	7.216888	0.298137	61.967044	0.004790	220.391242
1762.833354	21.886256	0.075472	51.968885	0.049077	241.212070
11831.331993	2.799449	0.155414	62.227415	0.051990	314.443842
1446.547474	16.568163	0.157307	36.393895	0.014310	174.220937
18839.225454	3.703406	0.145676	69.907186	0.011229	348.518516
10136.495998	9.458505	0.173132	66.779578	0.054152	318.050088
14514.762619	21.022524	0.261224	47.706858	0.005544	323.855610
17823.534432	6.010498	0.136264	32.706410	0.045306	353.248924
17721.744112	3.231257	0.239381	44.437722	0.026186	352.530687
4983.541357	10.137107	0.230730	56.363300	0.006093	218.000230
5821.552083	10.209532	0.260455	50.955324	0.043188	250.028027
11371.188593	11.979339	0.170329	54.337009	0.037975	314.085151
2758.531500	4.667227	0.146113	56.337925	0.006529	180.535435
10856.334850	17.526953	0.267265	44.952756	0.048457	329.215473
13421.235590	16.384576	0.067367	54.817802	0.049180	351.563550
10909.270232	10.551483	0.187049	67.239916	0.024064	292.752710
17127.313203	8.906183	0.258354	54.093161	0.023483	347.122171
4350.161177	6.920458	0.061511	47.565607	0.055413	237.660072
9108.972355	18.741408	0.263109	62.209144	0.004759	276.419081
6209.363532	10.947175	0.074264	33.323490	0.045951	245.264335
1773.484437	10.013305	0.284911	45.748466	0.034044	202.961868
4218.580703	13.670673	0.254743	54.815913	0.041757	247.624644
6203.667937	14.868438	0.150294	69.093286	0.055013	290.239038
7062.718973	1.872426	0.109029	53.834935	0.004916	210.641841
11511.542747	17.997366	0.291095	45.588169	0.028096	319.041873
18858.284446	0.634455	0.030480	35.710899	0.035986	341.875995
6522.878298	18.219050	0.171081	37.506712	0.005096	232.965141
14946.568879	3.052102	0.165931	63.514483	0.016819	319.315318
7434.544468	2.085513	0.031060	69.448366	0.045516	259.526769
5253.028324	6.889770	0.167150	49.793653	0.025072	228.543077
18942.095029	4.244283	0.112722	45.090732	0.047021	365.174272
12164.639568	1.510627	0.207872	59.898081	0.028615	302.307346
4192.639481	21.401396	0.141162	52.669844	0.053678	272.161145
275.106051	13.908330	0.060959	61.480817	0.054716	224.569218
3354.080218	16.033715	0.076967	31.942615	0.011737	199.406966
17456.954819	11.364743	0.269433	44.819341	0.017993	352.427326
3870.788070	15.311863	0.285848	43.233716	0.009451	223.704427
7682.706274	2.453674	0.276237	46.592219	0.045677	271.057833
6874.476318	1.222848	0.194870	61.633375	0.036051	250.012891
15816.366951	18.933944	0.152693	32.854823	0.044395	369.554445
17417.534768	18.931612	0.055687	59.015706	0.050981	397.807475
3614.031931	7.865798	0.135871	46.131053	0.052409	235.140611
7964.722497	1.524983	0.258488	48.377186	0.009611	218.596807
13689.920717	2.700827	0.260546	57.117098	0.029681	308.439055
19846.288452	19.388668	0.251916	69.447148	0.033509	416.563586
8679.590806	4.133820	0.184431	37.837105	0.052799	285.791752
11315.068292	13.538892	0.169796	43.994152	0.009569	272.093337
1221.407255	0.355145	0.088273	47.954519	0.013827	160.385697
13211.563713	13.524000	0.208187	60.648844	0.049976	345.558028
8444.611153	2.637589	0.062844	42.983147	0.033219	250.935089
19558.058185	12.135262	0.178317	40.875726	0.029174	377.422984
379.728817	3.633397	0.123344	56.826065	0.050532	203.814694
6207.614311	21.475762	0.130006	57.475195	0.051263	287.871248
8139.125903	20.123483	0.069837	56.694324	0.035679	281.847650
4969.721618	9.931537	0.057459	59.214452	0.002253	201.362818
16545.634913	9.339823	0.130653	39.334193	0.027070	335.598510
12221.812028	16.829716	0.110543	69.379035	0.033823	324.552204
2206.096488	10.530384	0.209500	71.045091	0.040493	225.780033
4825.806642	22.095513	0.156980	50.834201	0.027142	244.813609
17583.643347	22.148023	0.250604	36.482003	0.039391	386.702239
15647.253063	5.849309	0.265905	52.097580	0.028370	340.570849
18792.948374	5.460151	0.076835	45.262647	0.046514	370.239247
2896.790400	8.062603	0.281164	32.988801	0.024925	196.662663
7300.519671	4.016205	0.197520	49.911402	0.037758	261.932439
11182.778169	0.041784	0.114926	54.924875	0.013611	254.090094
19278.299628	1.822647	0.213866	54.058777	0.044642	376.590872
18856.041284	20.979958	0.195111	54.115487	0.057471	424.653203
12258.473139	12.446788	0.108138	65.613690	0.009848	291.828308
12572.558046	8.493557	0.081545	52.467531	0.012755	288.688271
18565.693922	4.532144	0.059807	61.698511	0.031588	359.881884
14443.642447	22.048017	0.133802	37.545807	0.022104	330.771824
3546.388293	14.647038	0.050877	59.523171	0.024310	233.666027
6717.994922	7.493847	0.241964	44.566016	0.019375	234.690479
15660.469349	0.708589	0.240477	70.591894	0.003773	309.556893
11998.026843	10.438233	0.290655	46.854798	0.044051	321.007667
9193.254702	1.706532	0.115849	54.314423	0.050202	281.992864
10931.182980	3.350186	0.247505	64.959352	0.035556	301.406164
11299.920592	17.581463	0.193395	70.983645	0.028831	317.893929
6713.397384	1.461929	0.095619	50.664174	0.033406	237.248042
6585.828373	22.194406	0.092808	54.571478	0.027828	266.545764
8020.668601	4.705112	0.105455	36.162916	0.009941	208.988187
19258.983387	11.819950	0.161936	65.083791	0.034367	389.164088
5801.731633	11.070006	0.104877	37.916721	0.011269	221.526876
15928.618263	4.743607	0.269925	61.628980	0.034947	350.510424
973.022391	20.315509	0.086037	31.901011	0.044387	222.015004
6127.064482	5.769198	0.254770	43.206303	0.010738	225.077429
19310.683204	11.169984	0.117199	62.668993	0.026111	372.926080
18727.637386	11.851561	0.187756	39.696830	0.044252	386.129777
9099.044194	11.467792	0.218185	45.761964	0.038105	288.725977
4328.177792	3.492133	0.185393	70.003273	0.049450	247.999198
19844.287314	21.020597	0.149202	52.340986	0.032309	405.279095
19132.669744	21.510370	0.239874	33.007970	0.034979	397.337403
5358.183955	3.386965	0.132030	42.888286	0.047678	237.499846
2976.279932	11.285251	0.079050	53.073229	0.051418	237.612772
12555.341033	13.343841	0.293339	68.799662	0.050145	353.169647
17701.210297	13.459083	0.288067	69.222810	0.012408	376.295847
16336.297254	7.034709	0.104028	49.493705	0.056553	370.262471
10266.607457	7.681116	0.193357	61.683811	0.019865	276.535005
13814.822843	21.588319	0.088741	42.605137	0.039094	346.805645
5722.181076	0.276283	0.214694	33.515529	0.034607	218.264493
2501.859771	7.406623	0.210939	51.668759	0.034205	210.447809
18735.166605	21.137920	0.041729	69.402691	0.043590	410.241722
4470.799133	9.328167	0.290585	39.058942	0.049841	250.127402
16003.250527	18.823299	0.106566	36.822200	0.021417	349.832040
8335.436864	8.296137	0.227350	49.971809	0.011023	247.850461
6706.228179	11.924815	0.214960	39.221889	0.049909	268.590402
4913.951336	3.376852	0.177090	67.855575	0.025724	219.366160
2176.295345	16.314849	0.234228	51.259107	0.045372	238.425846
6900.960904	3.607726	0.205619	50.269901	0.034013	248.767046
11121.100289	15.678757	0.278600	41.294569	0.045359	328.315656
8799.134819	0.902142	0.189615	40.597265	0.012066	232.127183
6542.744666	15.173357	0.250890	48.411259	0.043911	277.417910
3170.169091	9.997500	0.157333	68.893120	0.027655	209.666158
14184.025821	5.525868	0.279127	71.272517	0.023725	327.063395
779.828847	9.897405	0.216909	56.808135	0.019164	180.069769
9409.640421	11.114043	0.258933	33.242409	0.037958	276.669135
4806.651327	6.137628	0.262542	41.709579	0.030263	226.098801
5183.689764	14.800366	0.110775	43.121239	0.029792	238.004252
6880.079122	11.325598	0.148163	53.305090	0.040036	271.719951
5677.034878	7.018320	0.098649	32.031964	0.035484	226.010768
9880.991965	4.461456	0.205934	60.812955	0.010125	262.551278
865.452627	19.115125	0.110810	48.168766	0.034544	209.023083
9331.307624	18.815785	0.167418	60.143082	0.007070	274.402114
9519.264461	20.723823	0.296527	50.601168	0.044231	320.058613
17410.599128	4.744141	0.163302	39.455543	0.046070	350.945023
14154.205140	15.471568	0.181659	51.937485	0.052256	360.696078
4818.940007	9.822551	0.157982	32.437296	0.054513	245.960971
5092.582203	20.850837	0.199255	67.082525	0.038922	270.420991
1994.887094	18.113810	0.062274	43.125595	0.002745	186.209165
2285.601042	4.793124	0.062085	48.065414	0.023965	182.745720
10942.036307	20.003027	0.094603	38.075650	0.053688	322.833332
16112.693511	14.347865	0.027991	44.492447	0.025635	344.538814
16634.644730	15.532313	0.157358	47.062556	0.038614	369.782237
9391.951896	3.175288	0.103893	35.762151	0.038948	263.833576
2561.297741	21.295834	0.219983	50.193742	0.007968	216.330042
12003.704901	1.996226	0.230476	38.264030	0.034953	290.818860
329.046913	5.341879	0.076437	54.724610	0.024158	162.913299
13705.448996	20.024630	0.301567	69.593407	0.050997	370.568247
978.382833	20.563355	0.040227	57.911299	0.010656	191.539363
17835.714819	2.202709	0.185256	46.509965	0.058019	376.943553
7289.551617	12.413317	0.150626	43.812282	0.037619	270.779688
2189.662606	8.414280	0.304153	37.924479	0.028899	208.820280
2887.692158	8.193506	0.208891	63.588390	0.035975	228.732247
19982.198056	19.903430	0.130221	55.981861	0.050262	428.038129
16590.536159	13.215257	0.253014	50.126437	0.035747	369.877552
10590.106931	17.124709	0.217745	68.737323	0.011298	304.977157
12188.915891	2.304606	0.173581	60.615889	0.047321	318.764450
7865.248873	6.193350	0.055308	66.550991	0.042762	269.209945
13656.708407	1.389158	0.123238	66.322782	0.008204	283.837757
8184.633036	14.222069	0.161057	35.083565	0.055097	292.739371
11628.817704	8.668464	0.286087	54.898337	0.043882	318.399680
18573.457717	7.001705	0.233564	45.485212	0.034657	365.265244
3152.969624	8.286921	0.212206	50.903414	0.011253	202.748346
18490.179911	2.316312	0.162869	35.219333	0.017798	331.412780
10793.707502	2.292091	0.150617	34.479306	0.042774	281.900661
12462.948366	15.262557	0.045945	43.629321	0.052228	334.010264
12361.369312	9.852558	0.290262	33.725196	0.030067	303.263724
939.667472	16.446421	0.280353	51.232846	0.013385	198.751007
15239.566324	13.237300	0.147755	62.274709	0.011706	331.725239
8683.217578	18.555088	0.271162	63.204321	0.022409	290.829936
19669.112585	0.702275	0.067250	56.923415	0.028618	359.031170
16709.526531	5.902777	0.109923	34.092614	0.056211	355.670936
6725.900673	12.099830	0.193966	56.254442	0.054585	276.006969
7336.090474	20.402192	0.167609	54.782762	0.048803	300.504889
323.994156	9.890341	0.185349	50.105883	0.016141	174.824160
12233.093626	3.910345	0.060933	58.435925	0.009022	273.293106
10914.319005	9.006648	0.161759	52.977596	0.037931	308.251446
10560.411983	14.144325	0.186848	67.436799	0.010330	290.039778
14375.892922	17.256133	0.139912	63.146389	0.016698	335.728640
5189.622512	15.362337	0.033565	48.312343	0.037842	252.039689
6847.118145	3.375257	0.193562	40.283685	0.044079	250.113089
7742.838625	8.914954	0.209376	47.995970	0.006301	246.408142
19661.210180	10.916053	0.066777	64.365178	0.014695	371.680000
2470.014128	15.007883	0.259661	46.604273	0.046060	236.970430
7289.910377	8.028517	0.297309	67.347108	0.020934	261.682112
19212.893384	5.225276	0.219849	35.765771	0.002236	331.343578
5908.750652	7.348903	0.201000	33.851774	0.017429	219.537878
5275.961297	16.415094	0.031971	40.379718	0.006887	210.969779
3634.455874	10.033750	0.084553	37.767558	0.050199	229.922867
9731.312399	15.833613	0.299900	58.162603	0.034399	301.873461
5638.049539	17.687734	0.240696	45.316323	0.028209	247.870458
9801.152315	17.423987	0.270170	39.129168	0.035624	303.162459
3284.790402	4.659125	0.191510	33.036636	0.056471	230.845497
10657.258861	20.557528	0.042411	65.587577	0.045055	334.613386
19007.205440	17.932917	0.287170	36.215805	0.045028	403.362194
5549.829125	7.907696	0.302354	37.026714	0.016404	221.269003
9089.384184	9.978617	0.109395	43.227786	0.030753	263.296501
15409.895487	14.837057	0.117605	66.593329	0.050074	366.781899
11563.855961	13.653493	0.114141	49.277771	0.004037	273.560271
7745.798452	17.332047	0.191421	39.241649	0.013810	255.534184
13022.463586	16.567745	0.039989	40.256312	0.016868	304.113738
16625.944505	8.470781	0.035416	55.089378	0.017356	319.268418
16948.838364	14.817949	0.064935	68.603455	0.009224	351.446205
1445.294635	2.868744	0.184673	51.160808	0.038702	196.101250
18113.831067	16.193021	0.280117	38.644898	0.039759	386.546548
8623.267578	17.771196	0.248614	70.789254	0.041336	301.509811
17554.500706	14.753938	0.072350	68.063710	0.050021	393.482467
2779.217344	1.315298	0.061171	38.554516	0.032894	177.794625
17787.211209	2.479497	0.236943	50.524128	0.046202	377.866128
4924.181909	4.419054	0.257865	52.568684	0.020209	225.345585
10754.824134	10.173486	0.242296	47.245248	0.048692	308.955333
2351.834462	13.246602	0.243720	65.674354	0.023720	217.891275
13901.800194	16.228772	0.241966	37.777254	0.010625	310.623060
15354.508952	4.417845	0.292813	39.391063	0.051033	346.256206
18965.397263	8.778457	0.057974	43.683611	0.051806	379.491274
14169.198616	3.059518	0.038859	42.813334	0.028028	297.141257
2598.010924	10.691954	0.090964	49.979811	0.018932	202.086141
14335.427396	9.478720	0.051796	40.493275	0.054142	346.959285
5486.768884	16.095944	0.040207	54.654435	0.028153	244.472751
18451.543099	6.490923	0.295634	62.482123	0.038781	378.240438
16053.092897	19.477588	0.165444	34.762172	0.008596	341.356082
4106.620565	6.848488	0.213441	53.708710	0.008451	204.687457
15919.340313	13.297339	0.226406	61.238060	0.039139	360.743045
10537.850040	1.056995	0.037530	69.972831	0.010963	255.299057
15569.235680	16.760790	0.279899	54.347287	0.030307	359.530076
13611.258027	1.927450	0.249484	67.512266	0.017474	297.539837
16864.083028	9.270077	0.069518	64.312121	0.023097	345.170387
11998.243532	11.450165	0.259946	35.362922	0.006823	277.645594
4101.368004	21.138112	0.291605	40.334413	0.021681	233.726317
14182.336197	0.370891	0.030923	64.330784	0.047632	329.467106
17021.496080	13.321435	0.263197	41.927404	0.013098	340.136731
17014.362515	13.478125	0.280724	38.509825	0.009555	340.278674
1322.693121	19.173737	0.120630	64.956888	0.045595	233.136243
18415.316699	9.002796	0.238612	62.051411	0.050794	396.612026
8699.255243	15.298845	0.148719	62.721987	0.044928	310.067414
10901.850146	13.482046	0.240139	63.475813	0.038342	321.345934
9469.066886	2.598776	0.255181	66.116116	0.004361	244.027600
1811.280887	4.870603	0.069983	40.474061	0.016670	164.757028
258.503354	6.153916	0.063858	66.392387	0.006337	156.728558
16283.627432	18.919951	0.085295	65.067194	0.040744	372.421203
10708.343220	6.073331	0.286606	34.200724	0.026121	288.433181
7487.178913	13.534091	0.304517	69.926227	0.014758	268.558772
8465.033395	11.526963	0.097116	46.761596	0.018021	262.119743
15971.189335	21.034209	0.108246	34.554045	0.006599	334.396306
5699.188694	12.953076	0.060858	56.961239	0.012728	225.573498
3241.793761	4.828166	0.028576	61.016901	0.032839	211.153456
8093.656594	4.961855	0.078376	36.871009	0.045070	259.612223
2805.444823	1.056550	0.274323	56.606513	0.007641	184.992638
4946.063386	5.903095	0.071732	62.146109	0.050956	246.389018
2639.060572	11.868304	0.040378	37.118982	0.041623	207.175957
19786.450201	22.002103	0.260633	39.696695	0.040283	411.346553
4188.538939	5.312470	0.183157	69.270449	0.047971	254.507215
2305.315244	18.590439	0.076028	58.452211	0.050794	244.217824
13429.951218	4.253107	0.038853	32.006536	0.043802	299.497573
8132.724583	1.412645	0.107186	46.107508	0.010595	224.354800
782.082154	17.831946	0.105660	40.125364	0.044375	214.411870
11946.250972	19.731664	0.073831	47.472556	0.054950	337.752068
3680.243284	19.358331	0.248719	50.776776	0.031742	239.368247
588.131924	10.392553	0.059988	37.308596	0.038747	192.558842
10044.946007	5.230124	0.183292	33.030998	0.017637	255.545463
13488.382080	14.602502	0.078231	54.388101	0.041483	334.558581
6633.842303	3.472269	0.272373	60.143533	0.044820	257.572713
8774.469687	4.776457	0.033523	63.200750	0.015264	231.548650
7944.815098	7.145817	0.221877	34.771728	0.010519	230.648553
1911.448473	1.206432	0.253488	41.937446	0.034104	191.049116
13286.602083	19.294689	0.112101	40.101679	0.056985	362.732263
13306.781001	7.989590	0.071486	54.044160	0.023249	301.828225
6188.196642	14.506535	0.102569	47.812395	0.041321	265.224497
10808.769472	18.281575	0.220271	66.972143	0.050536	341.869239
15285.406569	18.837626	0.169015	37.311947	0.034985	348.947039
7081.392623	18.706524	0.161162	35.199087	0.057989	297.239348
5971.818209	5.949622	0.202768	37.848499	0.031375	235.623421
11009.906764	1.443667	0.176447	37.322114	0.054278	301.399958
4400.263149	13.129484	0.304228	46.581533	0.013309	221.189817
17672.023887	1.574468	0.117058	58.909472	0.016162	330.726722
9600.658075	21.626029	0.140417	69.540880	0.010585	285.083467
17980.968066	20.149400	0.052497	70.657444	0.036855	399.369509
18604.888275	6.919083	0.147994	44.964492	0.044936	371.147913
14899.870082	15.791254	0.170029	49.543987	0.009637	322.929901
19333.498494	10.256017	0.195958	37.911704	0.034815	377.970031
7241.107828	0.751571	0.066593	70.945614	0.040799	256.083590
15768.868687	1.557941	0.279641	57.928701	0.006583	309.839914
19720.007176	14.745809	0.063757	32.250331	0.046882	394.021807
13923.957084	12.648846	0.066318	49.517422	0.054524	345.588636
8095.979292	20.612818	0.087855	60.691115	0.056853	315.051347
9556.755913	16.290965	0.204593	63.523323	0.050934	323.480172
14246.514728	1.445085	0.302893	34.665048	0.054124	327.224933
16359.212127	1.013513	0.028156	39.466065	0.007994	292.907685
15438.136118	16.557493	0.228066	55.114621	0.044295	380.534968
12928.350852	10.859536	0.120162	53.838077	0.050874	333.983391
2064.109209	7.658641	0.124063	57.192208	0.041011	209.165661
8890.325732	2.895383	0.186847	60.852948	0.019874	253.478556
18536.582756	6.002773	0.281479	59.930613	0.046852	388.949446
9528.332053	13.909280	0.115365	52.267785	0.035820	295.496185
16387.957560	19.673170	0.270139	70.953221	0.043139	408.195130
13298.050684	6.774299	0.252579	68.602950	0.031568	327.822873
11793.012002	22.160807	0.229097	50.164410	0.044594	340.757197
11407.731437	5.262880	0.263005	47.462536	0.031012	287.163132
5957.386790	19.854467	0.205974	58.639321	0.006713	243.957340
562.911424	19.638307	0.271138	32.501613	0.031448	207.376268
10914.291105	21.959822	0.123585	43.007898	0.010229	286.235230
5919.716367	8.789476	0.266253	44.229356	0.025182	249.212815
5980.098468	6.994899	0.268569	48.123390	0.004318	216.504538
1383.415582	16.926539	0.223242	69.822441	0.010879	206.275143
6002.583090	2.388595	0.231841	44.793717	0.031921	226.593426
5246.177154	8.953565	0.196985	47.856287	0.016240	213.419523
18432.531300	5.812915	0.126011	49.481009	0.056865	386.698572
10179.105853	20.148226	0.165874	57.101985	0.037653	319.212806
415.847618	6.652755	0.103016	50.339693	0.011325	167.840504
13516.389564	9.653787	0.155562	52.913902	0.044333	335.273328
9213.493639	19.491271	0.251248	43.477310	0.050846	315.526253
1054.239232	0.443480	0.213377	49.674876	0.052862	196.028089
18210.670484	20.979066	0.265377	66.968340	0.029161	402.504119
10825.603797	13.034290	0.270356	41.810988	0.043148	311.318179
17738.596276	10.058417	0.264363	56.152243	0.019639	358.492383
7286.271442	13.173693	0.102181	48.075821	0.049316	275.710528
17183.923845	16.098837	0.048630	37.864607	0.022791	351.791191
1710.432607	7.941736	0.082809	61.248238	0.053785	225.813276
2974.694997	4.833374	0.285998	62.148209	0.013843	198.344307
15855.768952	12.706612	0.211011	36.021245	0.014793	327.424709
5855.219280	6.451402	0.217123	39.322119	0.022049	228.611608
2421.413720	7.304456	0.140527	64.419426	0.046128	230.171252
5633.821378	7.830691	0.062399	66.642344	0.043205	251.358037
6389.132327	7.452351	0.042495	57.690045	0.036567	249.787052
11502.356532	10.043699	0.190161	45.422509	0.034013	298.115905
19657.264312	19.848978	0.231072	56.615158	0.047212	422.345528
17975.498744	6.563869	0.108912	42.809669	0.031932	351.932775
5008.404344	10.351120	0.264387	41.078021	0.051152	249.385290
4327.226043	13.686587	0.071011	31.980247	0.011669	204.280683
11971.414691	8.111467	0.188169	62.108230	0.055713	328.988085
16561.825563	0.655695	0.169875	59.469021	0.021583	323.402342
10447.675466	2.780377	0.287190	60.891824	0.029062	279.816949
9831.555994	12.276653	0.060868	69.587919	0.013762	275.697206
8432.446490	7.078707	0.232784	38.731211	0.005074	233.814637
11799.838408	18.824423	0.287664	56.869154	0.027038	323.022064
3053.588990	11.474354	0.046220	48.102743	0.046924	225.538678
2502.341434	18.405828	0.091845	34.880185	0.057544	243.583328
16684.245692	10.993564	0.079573	34.634887	0.010116	323.052511
5048.247275	4.955183	0.267655	50.815024	0.013024	213.036348
13391.286346	0.798395	0.041503	44.386770	0.018036	280.480360
3784.129255	3.129356	0.099445	39.203452	0.044509	215.189688
14276.702190	3.730287	0.213447	36.123368	0.035359	309.062332
5326.035158	17.987278	0.048722	69.619240	0.043317	273.503415
9118.328725	10.605178	0.088919	63.544600	0.004128	253.302786
6295.893367	11.273038	0.280433	62.497445	0.028456	256.032415
15659.166226	2.871457	0.052766	68.086526	0.035905	337.685530
17253.440438	5.462256	0.175905	64.587262	0.011595	345.029250
4961.975881	9.658068	0.048443	54.532810	0.029571	228.340647
5192.923916	2.231330	0.186676	65.226396	0.019835	219.073101
14446.849828	17.669257	0.284643	65.893608	0.008313	332.442822
14130.501909	10.467604	0.050151	49.668704	0.018710	310.891946
18787.513015	22.134186	0.069527	46.269284	0.046711	404.293339
10350.047474	19.817153	0.120590	64.252974	0.052609	336.021140
9240.665456	14.375720	0.188218	49.096404	0.047391	299.290716
721.450828	19.884192	0.097569	58.383495	0.049169	232.008267
2366.221003	3.092509	0.275013	65.486621	0.029748	206.229986
18616.047166	17.153427	0.272449	61.281301	0.054511	417.675162
1487.475209	6.645009	0.203164	60.159389	0.058022	227.383027
3259.178581	0.890924	0.303754	63.981930	0.025091	205.634154
360.194373	5.813971	0.103946	45.911663	0.029494	171.253932
19326.211897	15.229217	0.201457	35.920113	0.048540	406.301410
7314.705041	9.551718	0.067904	33.710229	0.017545	228.010651
16057.397510	13.336119	0.165512	68.164496	0.047200	376.955219
4816.604840	21.296073	0.257158	47.942680	0.013592	243.467872
8541.869910	11.941152	0.289300	56.342890	0.022804	264.219266
967.068821	18.632344	0.277197	50.371375	0.043526	232.004619
5456.163188	19.173353	0.053828	61.470736	0.031524	256.750533
17451.374144	10.661412	0.237923	51.842453	0.023379	365.985715
9314.234109	0.121521	0.228507	50.547858	0.019465	250.575093
6707.098397	17.085991	0.295790	52.667926	0.054953	293.688851
15387.533577	11.880988	0.085096	46.861085	0.015782	324.231411
18754.786608	5.034335	0.075379	65.588376	0.050071	386.328859
10030.624523	15.278810	0.032003	48.927853	0.040575	297.086686
18843.509469	16.488703	0.192886	34.147532	0.022676	371.474039
12438.723489	0.315411	0.171907	57.902124	0.019628	286.678477
9163.752730	10.881793	0.257382	51.067346	0.011098	263.359080
11127.255165	18.241668	0.187170	55.628241	0.056464	344.902766
13903.626569	12.145309	0.278118	66.802495	0.034771	347.962316
12834.705785	13.664372	0.055419	65.800446	0.017723	306.715386
7974.412760	5.000505	0.066408	41.732625	0.029538	232.477412
19912.459853	6.187400	0.042514	64.206006	0.005571	351.260178
9835.099831	4.096246	0.029732	43.975795	0.027741	254.857723
17586.636392	19.329972	0.090407	33.278270	0.019506	352.487963
11643.826010	8.051956	0.280053	59.703400	0.031465	309.783536
3168.332463	7.433118	0.084868	35.592608	0.049798	226.159075
8164.756367	19.221677	0.251190	66.416747	0.003118	270.464294
7863.694181	3.508349	0.121237	33.634373	0.008329	218.406509
13140.432998	6.621426	0.162183	53.861014	0.012073	292.765302
11134.046077	8.276904	0.067301	35.857146	0.007755	257.528510
15696.173037	14.923302	0.076819	62.355278	0.013467	333.699729
11181.538539	7.849126	0.055506	49.210756	0.003627	268.014479
12364.018809	1.635676	0.261925	38.764811	0.017752	272.589371
9309.427918	12.757897	0.286544	48.589137	0.030984	285.651621
3633.499479	0.334702	0.246494	45.129311	0.042077	211.716369
6824.303111	12.020984	0.061932	65.134554	0.021863	250.173444
11776.273378	16.457329	0.058575	69.375055	0.036804	329.400607
11907.145687	6.627400	0.053295	58.694274	0.030229	298.952813
12471.025853	7.864979	0.107525	33.817977	0.031784	299.559807
1298.361967	13.080427	0.050002	65.921617	0.033590	213.265334
3926.268445	15.884638	0.222808	55.650887	0.039884	257.567504
5496.945883	22.070564	0.165365	62.183706	0.047028	297.440797
8974.465375	5.345081	0.303823	59.805237	0.005553	252.988929
4818.378138	20.572557	0.299440	38.823152	0.049703	275.113793
15110.703241	19.649089	0.119345	64.288552	0.026248	357.669436
9841.733314	7.429131	0.234530	33.799581	0.034172	271.721616
14548.423379	15.411043	0.109223	47.542195	0.031688	335.877989
7892.659259	18.194761	0.053404	61.754624	0.056257	298.939253
18650.120331	10.160512	0.183399	69.695552	0.006048	359.674075
10561.258098	21.613007	0.198254	40.067080	0.021515	295.141215
10345.895111	4.967981	0.144997	37.731725	0.045116	276.918585
15509.942612	8.382479	0.133996	35.762402	0.036432	337.807845
9936.444050	4.583573	0.277867	44.975455	0.045142	283.006633
13494.924927	7.275040	0.144623	64.662432	0.045926	339.132483
13130.263841	13.281261	0.087789	50.296832	0.045496	333.192643
5494.734099	1.430449	0.276469	65.299450	0.018311	225.657561
14700.682391	19.486507	0.035416	55.217131	0.052323	363.965409
11362.596745	3.301090	0.236719	38.594446	0.009964	260.792051
13708.450305	16.688938	0.083212	56.002370	0.046982	346.014570
5591.772624	7.749076	0.124488	62.937115	0.052406	270.081137
19496.370531	5.971106	0.205961	62.574783	0.014238	363.655067
3730.529349	11.562494	0.155328	54.825506	0.003366	193.900276
2918.391046	14.270713	0.267324	52.697957	0.024724	218.117167
10603.760905	10.308710	0.077920	63.232039	0.021513	287.329153
2955.631096	14.658561	0.303387	37.672135	0.050814	247.675460
11544.643145	10.389541	0.174648	50.427474	0.055432	326.250590
12548.069117	9.776762	0.261325	51.890791	0.044767	331.267993
11808.232788	2.392889	0.137927	58.672408	0.018095	276.032454
18886.818021	2.739806	0.102576	51.629804	0.009155	331.118585
10535.556867	15.653185	0.232565	62.035613	0.052574	331.261403
14323.961873	21.119782	0.172107	41.488562	0.008237	326.482224
4716.788396	11.389132	0.054625	56.362262	0.027782	220.819822
12021.090538	8.026223	0.039097	53.968317	0.021404	277.549257
1568.675504	19.654792	0.276313	58.461058	0.027601	221.262313
12547.501170	15.834623	0.281304	54.555018	0.044164	346.392700
13733.316156	0.947780	0.149527	35.585309	0.032695	298.835523
7597.577447	13.043789	0.270623	44.619552	0.054589	284.629123
7391.767470	17.321820	0.293586	51.656299	0.014250	262.436515
3978.961342	21.000748	0.154889	45.238805	0.036339	250.073572
19874.509918	20.536202	0.283157	51.238520	0.046108	428.557255
8008.167108	8.349845	0.093823	47.817030	0.005752	223.423638
8904.864331	17.297949	0.301203	42.892593	0.013057	269.582401
19401.363447	2.848017	0.211453	63.556516	0.039691	383.618135
11268.315766	7.112960	0.137816	59.458151	0.055043	320.252808
19592.260695	6.112713	0.054797	35.564957	0.005453	338.057848
10363.844205	12.023104	0.255987	66.325354	0.032156	305.107950
6560.192021	19.679419	0.188081	35.235674	0.053703	281.821822
14754.908218	21.166307	0.061399	34.774289	0.032570	355.392934
4013.473090	1.867786	0.105372	62.723391	0.009998	187.746911
1694.685701	8.165139	0.299079	34.124253	0.028237	192.612574
6704.712829	15.428433	0.059362	39.064205	0.031162	251.750464
15101.297031	16.759521	0.263270	47.633577	0.027152	356.639005
13871.167634	12.851214	0.248793	63.739591	0.025387	333.754883
3729.600195	2.668100	0.041592	42.625357	0.007414	182.793404
19354.450574	20.812984	0.079948	51.489843	0.044252	403.433657
2858.661737	14.371949	0.045929	68.616963	0.009662	205.813686
300.273835	4.504100	0.126113	44.489136	0.006737	146.553466
15210.529914	5.161886	0.115427	49.765198	0.039809	342.684865
11771.226910	10.216095	0.092151	42.464609	0.030827	298.730632
17332.317476	5.467443	0.224130	66.447834	0.027856	362.625271
7767.641643	7.267976	0.234579	70.219805	0.014872	255.676741
4530.160604	0.299673	0.093164	51.674503	0.013935	192.620364
4545.470424	19.628187	0.270682	67.625340	0.017884	250.521904
19126.590929	5.074845	0.043794	48.905480	0.002458	330.006913
11651.973228	2.704146	0.054668	54.631219	0.033274	284.891512
3726.512815	15.604043	0.131989	68.885313	0.015352	228.063980
15255.854289	6.414781	0.108694	38.901548	0.038006	322.856515
11123.057018	16.781232	0.037521	64.882106	0.027686	311.150302
3452.112907	6.792638	0.087766	51.027997	0.032620	216.471942
9300.126817	14.410063	0.038127	64.128468	0.019015	271.461530
7723.116004	7.171651	0.105354	55.857979	0.057858	287.881087
1073.507200	21.338967	0.199716	39.481393	0.055104	235.802353
4528.756880	5.881624	0.214442	40.754394	0.012676	193.460622
10580.021779	2.604747	0.279337	39.180993	0.036812	288.789967
8580.488440	5.480366	0.125957	63.246513	0.005342	232.220334
18177.268230	20.364657	0.298159	45.963335	0.023352	389.185794
16275.173868	21.051782	0.031409	40.987741	0.003589	333.511057
5206.889108	2.549363	0.088019	51.881860	0.045557	232.425883
2044.722273	17.947465	0.025567	45.561457	0.043368	220.415767
2225.537073	17.835333	0.222938	36.709899	0.019179	205.096721
8697.030419	0.448049	0.154608	53.910551	0.030626	255.139342
7689.354663	15.903214	0.255079	69.249408	0.047522	292.068374
15514.683608	4.004945	0.064250	66.637789	0.002099	296.017427
2593.633294	5.426206	0.240978	63.869160	0.013662	178.720547
19579.904227	12.678770	0.116773	33.079686	0.056750	392.882520
18247.677582	11.240086	0.106006	36.656807	0.019929	343.231391
9999.762335	20.610608	0.062346	67.889316	0.032787	311.911344
1950.087174	9.912835	0.064106	34.493399	0.050689	213.164791
1253.403924	8.110782	0.233514	35.368134	0.033080	189.173813
17462.898027	4.800226	0.046228	54.702976	0.015560	331.763117
2503.504659	3.138360	0.247779	39.088023	0.010692	169.549384
18543.370292	18.388806	0.046044	36.372830	0.039717	378.436730
7468.250645	22.041546	0.258378	47.235633	0.008675	252.853652
9389.757678	22.188711	0.169194	39.756431	0.047918	313.989653
1071.710404	19.924172	0.143782	54.192827	0.038090	223.276375
17463.808308	16.012357	0.137177	66.294435	0.056373	400.891564
10658.411851	18.098939	0.063012	51.954734	0.048783	322.783110
4651.799879	2.192276	0.123828	42.811687	0.027651	212.563362
12932.330120	12.186753	0.102348	48.735265	0.034899	320.451310
7804.630766	16.140764	0.117833	70.113030	0.005690	257.387313
15443.788866	7.083534	0.033439	33.575273	0.010871	295.452172
5611.487511	8.065962	0.301095	58.233796	0.018581	230.316826
3718.609910	12.994376	0.212665	61.881903	0.028358	233.084093
9542.958980	10.277684	0.197683	32.644644	0.049116	290.464381
12688.759009	1.866616	0.226098	42.938193	0.036362	302.445203
779.612070	22.169203	0.234864	58.020510	0.005782	203.229908
261.139867	7.555327	0.078577	42.660028	0.035551	177.011521
2049.938090	17.177086	0.238552	54.490498	0.034439	227.104329
380.736609	14.580779	0.142940	36.658504	0.006497	170.341869
19349.346285	0.214183	0.123965	66.410220	0.055340	383.337478
19940.484483	13.285649	0.265429	52.350396	0.012071	376.295144
9277.275619	1.352484	0.084979	69.224572	0.002505	239.661453
13769.710585	7.705733	0.034734	48.841347	0.031843	308.427206
13861.788203	13.456132	0.170202	50.027339	0.029941	339.955627
1491.805110	16.978064	0.196079	46.503785	0.021103	194.839850
5270.691097	10.529906	0.214784	53.369545	0.047104	255.925522
16534.664920	20.819868	0.237968	57.387445	0.008760	354.073976
12152.132259	8.522517	0.088902	60.597150	0.008553	273.512359
14521.346094	15.940898	0.273579	63.999095	0.028151	352.037324
3569.686569	18.655479	0.284417	51.793847	0.043955	262.717867
6298.935454	13.064810	0.070593	45.159946	0.038059	253.070788
909.945803	20.781101	0.127345	47.315465	0.023147	203.015545
17222.453422	10.702437	0.289232	53.428240	0.011455	346.569206
420.785988	4.496079	0.291977	70.385269	0.055304	221.508890
1312.929563	1.912537	0.251414	32.723389	0.042720	188.864850
13170.216876	3.269549	0.160483	66.113128	0.014113	287.593582
19709.131013	3.700943	0.179249	56.878055	0.052139	392.046594
15620.450616	4.378361	0.271101	64.147872	0.038931	355.716632
3373.068793	14.024695	0.279895	67.026313	0.043586	240.645406
8580.763764	11.416309	0.220908	62.760108	0.044968	299.757078
385.991996	15.467045	0.208045	36.926633	0.028029	193.185480
17509.558188	4.142744	0.134372	67.502481	0.018456	333.426118
13551.863860	6.593192	0.285409	52.918978	0.006192	291.238928
11628.520386	7.614520	0.293141	70.734855	0.021685	301.539780
3736.412695	21.995813	0.082636	62.520368	0.039332	249.616019
9506.631681	17.692555	0.288013	43.686956	0.023163	288.264487
1872.141160	3.176775	0.209964	50.188946	0.028396	186.134185
16599.618203	20.243050	0.280627	46.144244	0.043178	381.626772
15537.327493	17.704746	0.059898	54.580024	0.010936	334.545217
4302.136160	14.811268	0.275692	44.151797	0.030024	235.850058
15148.255703	15.494990	0.109900	64.569885	0.057323	368.081106
11443.960925	15.453970	0.051886	61.204857	0.057714	336.981184
461.837880	13.125532	0.269989	53.958563	0.035642	201.710594
14616.367673	6.684909	0.101647	58.474512	0.057059	353.550979
16758.384623	7.628537	0.081011	37.892226	0.033674	342.452140
9977.936679	16.273556	0.206604	46.676051	0.017069	283.001801
16454.999713	1.799308	0.185601	39.191502	0.031854	323.534480
5649.826828	16.684961	0.206635	62.233938	0.014879	251.538850
1482.663768	1.442021	0.106047	53.300155	0.012490	165.640018
10722.061783	1.977745	0.147470	39.474130	0.050784	283.320955
16199.780692	0.251254	0.297213	64.070953	0.055270	363.828933
12904.948080	9.396519	0.298561	67.876790	0.003657	299.196082
6312.791188	12.702395	0.151306	34.782316	0.043295	257.059094
449.787162	3.962695	0.127006	46.582185	0.042224	186.452865
12071.409524	3.133873	0.240702	34.924789	0.021966	282.313887
8750.241309	0.459282	0.102784	66.895258	0.042830	266.223940
7831.336000	1.672040	0.283188	69.043761	0.041061	279.651973
939.635279	10.530748	0.146664	38.959612	0.036579	187.170892
6809.869476	3.755585	0.078909	69.734794	0.026993	242.558544
16409.591435	5.337731	0.182882	56.478852	0.021100	325.286527
19552.818430	10.408242	0.272714	59.068218	0.042285	393.788951
10602.693780	10.130632	0.124041	35.334281	0.045301	296.907370
10796.990021	14.615977	0.088120	68.004010	0.040708	319.829702
4019.451904	10.934261	0.132823	61.237659	0.005253	202.259986
5990.130917	4.066649	0.075782	48.880968	0.006397	208.274397
4072.906065	7.492370	0.062526	48.798380	0.056158	245.757812
13627.956675	16.277574	0.040289	52.279663	0.042096	348.929340
18476.683891	0.877800	0.278056	56.224721	0.021022	336.942472
4535.945760	18.813915	0.076615	52.241261	0.005478	216.502312
7246.390886	21.293068	0.277388	40.078239	0.009070	261.349397
17811.547603	20.827976	0.255139	62.116693	0.015726	377.710033
6583.845867	16.574702	0.056856	55.028905	0.055248	283.674791
18819.760473	18.703000	0.054639	50.633404	0.040777	386.928191
3523.531917	18.756809	0.248367	41.612647	0.045320	243.419045
3844.758249	9.781801	0.107622	70.184786	0.053812	261.601010
482.324041	7.935732	0.272567	62.555456	0.032460	204.493352
8259.489501	1.574558	0.228873	62.198709	0.054429	276.786743
5706.020320	10.792139	0.085016	34.145998	0.034289	232.476606
6401.799743	0.661356	0.026039	49.909003	0.020220	215.118932
11029.647365	15.829512	0.121532	33.639317	0.026312	287.483680
12082.466075	12.735395	0.097424	63.006533	0.048454	333.445992
14631.978160	21.724383	0.075094	70.177573	0.055074	382.039000
4017.036623	18.269493	0.152642	57.296746	0.023048	234.987392
13546.084949	21.075228	0.275229	61.039350	0.031967	353.416497
3951.747413	8.307655	0.134505	54.106143	0.049985	241.974163
19142.111327	9.224226	0.116439	50.781719	0.047988	395.102201
18640.996960	16.498636	0.268319	62.040282	0.005940	373.872605
3496.393453	6.469026	0.032655	32.406567	0.032865	195.443908
4549.223730	3.952524	0.164862	59.975263	0.057299	254.573188
13070.340983	7.134309	0.222117	45.865909	0.034783	320.183590
15231.677495	5.551941	0.161403	57.061195	0.018563	312.375440
8183.500748	6.840048	0.138740	57.079708	0.038947	271.388618
14957.802769	8.170623	0.178659	63.119657	0.043443	354.265564
11715.358720	21.034949	0.046124	47.870314	0.032525	315.322827
8250.808484	16.270227	0.134223	47.654416	0.005317	255.831678
12152.697035	2.123554	0.283526	60.076603	0.040496	306.691809
19381.154945	12.135907	0.194471	37.061071	0.030940	380.109625
11841.617264	11.510413	0.177929	46.398307	0.010691	287.774035
17727.703833	0.455107	0.203127	64.774025	0.009650	335.855098
18325.171070	6.547707	0.233582	51.682328	0.052792	396.698995
12970.342926	14.543004	0.055304	42.513165	0.043698	329.872238
5049.604473	15.281659	0.037790	40.052371	0.053919	260.616506
16944.401639	10.626944	0.285886	53.142800	0.043039	374.365266
1846.170838	15.339815	0.091806	38.891632	0.012217	184.859874
17137.515664	12.488710	0.027842	37.864498	0.013677	326.772813
18247.621462	3.085499	0.074812	47.961442	0.006066	317.046441
2069.668900	8.108520	0.134973	48.070723	0.029093	190.223450
5989.953068	16.390779	0.140734	45.794460	0.041093	262.321475
1514.293487	11.320581	0.124171	46.140849	0.030574	199.333691
11158.959104	3.004460	0.049665	35.122981	0.034551	274.570034
14779.418097	13.147093	0.164443	46.978752	0.035738	333.987493
16934.669376	19.315469	0.225901	53.115584	0.005496	352.443426
16428.728207	10.300223	0.040995	48.022434	0.011351	325.022402
18986.745150	10.979517	0.291685	70.693283	0.054134	413.090319
15183.728247	2.434338	0.049299	39.866896	0.014259	288.504977
880.966465	11.362106	0.197082	39.831593	0.041433	205.342767
18954.757760	6.984599	0.303307	52.273328	0.041601	384.266114
6618.573783	20.172111	0.258848	44.808841	0.020163	272.351320
2000.330985	12.772670	0.059823	59.979646	0.049276	219.410351
2278.254244	6.732284	0.246840	60.005374	0.029343	200.189734
6587.296797	11.058115	0.231833	53.901751	0.042941	271.107114
16824.939126	20.210434	0.125511	48.841320	0.058377	393.828905
19607.444878	21.774692	0.037975	70.799098	0.050233	424.341330
16431.574512	13.110555	0.093448	41.281161	0.054734	369.238447
16352.636403	19.717312	0.239361	66.967358	0.041664	388.491705
18400.542263	5.518475	0.208770	45.000693	0.021239	354.236222
2788.597861	20.339169	0.227901	38.439817	0.033898	225.747157
13023.560466	8.102883	0.051258	51.379089	0.022469	292.806984
3768.530942	11.351208	0.175506	70.541326	0.031523	239.088047
6677.839271	15.739554	0.172226	55.658446	0.004894	239.491162
7763.297071	2.838194	0.286981	35.160791	0.033868	249.633685
13351.244930	20.650106	0.198216	55.893000	0.025964	336.477358
9572.173546	2.740961	0.227663	37.365706	0.054719	287.429812
4634.283127	18.422271	0.102289	60.516770	0.036693	257.780012
2852.433006	11.279625	0.228664	35.361657	0.035622	209.936563
16528.291659	13.413565	0.270771	36.377322	0.008467	330.682219
9457.286600	6.976718	0.112681	44.184223	0.012395	249.235093
16140.700561	5.398113	0.033117	32.368087	0.056447	345.022510
14383.876311	1.950010	0.299240	48.150605	0.023868	305.279842
7318.297626	13.687569	0.060812	63.402567	0.053185	287.550590
1175.621035	1.208607	0.033323	40.515910	0.003195	132.134879
1128.576280	12.426410	0.123989	62.652526	0.029703	201.652845
10131.793592	5.604504	0.253112	69.412767	0.047068	312.813427
3185.199259	0.949416	0.088101	56.738560	0.055711	212.450305
15669.400076	2.210766	0.244512	58.815017	0.032130	324.712331
8242.619502	3.752171	0.286383	58.884617	0.015765	245.191221
15159.605427	12.822976	0.177994	36.721826	0.054484	362.432371
9613.482717	6.312633	0.050626	47.032763	0.013111	247.951489
297.905533	12.366581	0.070557	62.609248	0.020528	182.652314
3658.454033	15.364144	0.275563	56.004651	0.017603	223.856261
3637.911546	5.946568	0.278577	69.348155	0.012732	200.145979
8543.666654	8.897694	0.117064	69.000740	0.022717	270.685755
5914.698496	5.180194	0.075328	61.046161	0.056852	252.015086
12092.827533	0.676670	0.207042	35.578305	0.042122	294.240626
8172.673272	2.691868	0.124661	36.010677	0.012980	227.472979
503.742765	4.434220	0.303348	56.816146	0.008406	171.737059
8598.814876	10.559400	0.227999	33.455679	0.026272	259.116940
11975.769575	18.539253	0.127515	39.743182	0.057305	342.584116
17177.769223	12.414386	0.043050	42.995001	0.021703	341.941332
16873.546289	3.557354	0.248651	56.429336	0.048404	369.375682
16691.067067	17.095618	0.303644	32.673977	0.028297	359.134472
7322.253215	6.964527	0.054150	69.361072	0.013364	255.108711
17379.075641	22.115874	0.194628	66.908424	0.039287	394.896149
1285.651892	2.704654	0.198108	48.795812	0.046376	190.698775
9123.342378	12.717678	0.115968	49.645244	0.011597	257.715238
15035.254728	17.883763	0.149267	49.772075	0.041672	366.138336
18409.814909	0.269436	0.084514	53.244695	0.005031	325.076785
6147.770738	9.379368	0.181344	51.793282	0.030824	258.400625
1432.000469	1.124807	0.219259	68.740401	0.049259	204.082054
18154.297857	14.216646	0.193981	58.515180	0.009057	352.752677
15551.664559	15.212341	0.188533	39.812646	0.026595	346.384637
3976.174879	18.918355	0.286589	69.495879	0.040007	265.858593
18694.489665	8.305902	0.048207	56.062772	0.034568	366.127487
19623.129297	20.889907	0.055691	56.411556	0.041352	411.824109
4356.437888	6.011834	0.162265	65.131512	0.032958	230.331185
19264.358053	18.537279	0.267539	38.651054	0.033560	393.263879
6208.670955	3.466608	0.125005	70.733434	0.025510	243.290159
8944.432107	8.181076	0.207824	37.969773	0.055625	291.061949
18405.693979	16.331905	0.137958	52.079665	0.049041	398.068961
18495.891051	4.532165	0.297327	39.781157	0.028656	355.778132
19394.858255	17.781142	0.252253	69.927331	0.026296	400.066018
15294.103593	17.225605	0.125906	51.857587	0.052547	373.948598
12598.685093	3.925804	0.185769	40.902820	0.021151	295.336224
15220.305021	6.735184	0.232433	56.879406	0.029746	338.668225
5299.455832	0.204969	0.082665	67.997850	0.015693	213.597833
3289.552679	12.581695	0.254034	63.405063	0.036730	243.094601
19253.551402	15.098755	0.225400	55.658194	0.013418	371.746297
5488.458151	2.068509	0.048190	61.890365	0.039319	232.418409
5577.867364	16.503974	0.147623	60.955735	0.040975	267.180521
7144.191022	15.515263	0.210773	44.712905	0.016974	250.660300
13027.183938	7.936023	0.203291	60.245099	0.037928	317.276406
17450.130099	3.974025	0.180551	47.842413	0.005825	320.249208
14928.667474	16.827554	0.230501	51.077932	0.010751	329.961484
16392.110750	4.003142	0.276057	57.907270	0.009982	325.222882
18762.226160	6.369730	0.175877	67.186032	0.034889	377.566291
1632.372898	12.209325	0.147788	50.129751	0.021600	195.393098
2845.939229	3.169344	0.093982	56.686878	0.009756	181.191783
18442.701554	8.127850	0.298125	35.442357	0.045983	382.599333
17850.962993	3.512803	0.280319	69.931417	0.026267	361.931576
9282.264223	16.552939	0.258125	57.396156	0.044728	312.943193
7523.713479	7.385451	0.160801	43.867553	0.016325	239.665069
17223.317117	22.195147	0.259306	33.484712	0.051721	399.626921
18610.556022	13.804211	0.105577	66.311272	0.021188	374.249042
3807.805914	6.269683	0.135828	56.578604	0.002100	188.870227
8111.587320	0.002196	0.243652	34.173444	0.037386	253.243024
1240.309021	9.786704	0.094835	53.770470	0.007048	172.575000
5024.209122	17.423327	0.053432	46.884071	0.039255	248.014516
14203.235706	4.737955	0.029829	32.182436	0.054504	332.609666
19887.581144	7.097228	0.052232	46.392135	0.006380	337.223687
9283.765475	5.520888	0.245221	46.812443	0.010954	252.460269
12243.367406	14.395180	0.215021	34.724903	0.056876	336.975473
17002.467065	13.597411	0.046939	58.046562	0.010770	339.437802
10661.283106	4.054204	0.163295	49.988744	0.026527	271.464628
16256.564927	11.609890	0.173161	50.486879	0.041431	357.000754
19116.975975	9.485406	0.094729	40.022804	0.040183	375.599249
13456.836625	20.423258	0.243917	58.408023	0.056586	368.922177
2644.742239	17.729657	0.303051	57.326463	0.048414	255.061327
9520.556614	4.974013	0.245863	48.855189	0.035957	281.644360
12239.276970	15.376736	0.190136	45.636205	0.034581	324.928186
7686.874123	2.341440	0.092950	49.259264	0.012770	229.389178
6836.965835	18.889147	0.194781	61.214950	0.004815	245.724689
11485.098608	13.523027	0.271272	35.921015	0.029916	303.388258
2370.286076	17.586070	0.109756	61.646773	0.035042	235.184270
2448.285257	4.231405	0.092940	57.405546	0.058190	219.085067
16016.522204	9.699980	0.141986	63.206262	0.014357	336.186228
7647.670016	4.622528	0.245259	53.807640	0.047529	268.220122
10640.842605	20.623509	0.287321	56.548093	0.038151	332.471217
10878.929262	3.911549	0.054856	42.199784	0.051989	292.275199
9812.264419	19.223365	0.177264	37.133996	0.003938	259.546005
17409.980805	10.014145	0.274733	60.091840	0.030608	365.510453
18685.466127	7.112984	0.301911	59.757507	0.033958	382.594202
16863.352968	19.368541	0.136920	36.992170	0.014415	345.929758
14691.828665	13.405610	0.244162	56.069494	0.047905	360.077484
