# BUILDING_ENERGY Dataset
# Problem type: Regression
# Target variable: heating_load
# Number of samples: 768
# Number of features: 8
#
# Variables: relative_compactness, surface_area, wall_area, roof_area, overall_height, orientation, glazing_area, glazing_area_dist, heating_load
#
0.754834	615.072034	276.067113	212.975848	4.595176	2.000000	0.233252	1.000000	72.172340
0.962257	755.949648	361.811712	154.020908	4.448837	3.000000	0.292089	3.000000	85.586182
0.883518	547.025731	276.116677	119.851978	5.591839	3.000000	0.145929	4.000000	74.823907
0.835517	763.356974	335.065520	178.281583	6.531335	4.000000	0.256386	5.000000	90.191629
0.676167	551.981667	366.601434	122.800683	6.813568	2.000000	0.186473	5.000000	73.686330
0.676158	631.302463	263.329392	148.310851	3.870670	3.000000	0.075974	4.000000	65.443852
0.640910	748.904838	342.294046	166.192166	4.041900	5.000000	0.280695	3.000000	77.381890
0.931823	558.575724	289.000517	206.633033	6.806577	3.000000	0.222586	5.000000	79.794507
0.836401	581.899910	410.141959	164.663510	6.077873	3.000000	0.143449	1.000000	78.281892
0.874906	726.842255	327.928078	187.674029	6.590478	4.000000	0.364536	3.000000	86.020521
0.627410	726.190742	383.227722	219.708056	4.209214	5.000000	0.008374	3.000000	71.294138
0.969168	702.997404	339.363852	124.746675	5.556551	3.000000	0.126309	2.000000	78.931294
0.919679	718.520843	252.445249	140.539151	5.953989	3.000000	0.022753	5.000000	72.782702
0.696442	674.060986	353.585461	153.752012	5.880392	5.000000	0.306611	5.000000	83.985638
0.685457	588.528923	408.165673	156.756557	4.928531	2.000000	0.280843	4.000000	80.314841
0.686026	616.134622	348.176427	155.565074	3.553882	2.000000	0.132541	2.000000	69.986826
0.729527	567.889729	385.490889	210.314113	5.540241	3.000000	0.270265	2.000000	79.767127
0.808912	781.584465	396.641408	188.972099	4.385855	3.000000	0.158375	5.000000	81.405638
0.775500	686.017188	284.115681	177.271550	5.075890	2.000000	0.302502	3.000000	78.405967
0.724842	632.350317	281.365690	144.358342	6.851534	4.000000	0.181673	2.000000	76.911837
0.840267	650.329706	349.783240	201.072890	4.896624	5.000000	0.164912	4.000000	84.453258
0.670218	793.001302	315.491383	215.545421	6.439306	5.000000	0.373892	2.000000	86.610115
0.725172	559.585313	389.036213	200.787111	4.159892	4.000000	0.100352	4.000000	78.832237
0.751890	686.851571	399.353966	110.422553	5.853612	4.000000	0.048179	2.000000	72.009481
0.784185	663.231272	305.611767	180.413251	6.919524	4.000000	0.233817	4.000000	82.082702
0.902663	694.267545	285.623301	115.887676	3.856626	4.000000	0.387729	2.000000	78.353466
0.691883	519.824394	378.860126	138.651196	3.529120	4.000000	0.151136	2.000000	71.338598
0.805124	770.904429	292.129235	116.812598	5.017540	4.000000	0.024815	1.000000	69.299774
0.833269	788.542775	386.078356	176.818449	3.824189	5.000000	0.135722	4.000000	81.224929
0.636722	680.649156	317.671111	185.946538	6.119345	4.000000	0.202373	4.000000	73.824715
0.838716	719.315342	359.484808	122.872262	6.700920	2.000000	0.064769	4.000000	79.227106
0.681389	785.714818	261.384306	152.568237	5.019073	4.000000	0.263241	0.000000	71.681248
0.643419	722.428158	351.991874	160.550075	4.405491	4.000000	0.399100	2.000000	78.690951
0.961599	559.346479	322.478157	150.938096	5.020412	5.000000	0.180696	4.000000	81.403332
0.967628	683.928778	345.603351	123.593006	6.032067	5.000000	0.141891	5.000000	84.212842
0.911023	692.874224	273.814437	156.438994	3.531690	4.000000	0.160282	0.000000	74.146967
0.729661	639.194417	371.373847	193.067380	5.563089	5.000000	0.046058	1.000000	74.253836
0.655162	731.014605	392.969699	118.078595	5.646521	3.000000	0.353309	4.000000	82.387809
0.866324	789.203902	282.170876	119.089847	5.731909	5.000000	0.165930	4.000000	81.098478
0.778455	786.617143	261.415046	149.363535	4.347077	5.000000	0.154910	0.000000	72.782591
0.663934	647.046775	249.054018	214.075260	5.999185	5.000000	0.263876	2.000000	76.929809
0.798264	547.791985	355.098112	183.960134	3.819870	5.000000	0.176813	5.000000	79.653462
0.632380	804.043312	349.116627	185.073363	4.197446	2.000000	0.259293	1.000000	73.410071
0.947355	761.136037	338.758606	150.151679	6.571145	2.000000	0.024579	4.000000	78.022523
0.713161	551.150828	284.778927	175.701102	6.085531	2.000000	0.325489	2.000000	76.987797
0.858508	785.227513	312.040378	111.366963	3.548109	4.000000	0.376202	5.000000	80.554189
0.732216	770.249530	346.952691	180.379589	4.369317	4.000000	0.259506	5.000000	82.272736
0.807224	667.038389	330.195516	210.939886	4.250423	3.000000	0.381826	1.000000	80.829499
0.816816	688.334978	414.405217	177.786225	4.447822	2.000000	0.060573	3.000000	75.158915
0.686548	631.806795	268.399418	206.575270	4.366459	4.000000	0.190966	5.000000	73.284345
0.969050	530.599922	364.217291	190.068029	3.718842	5.000000	0.240723	3.000000	79.849586
0.899048	613.047989	314.340669	123.541565	5.106292	5.000000	0.232695	5.000000	82.723108
0.958220	750.538914	318.436234	209.745477	6.064567	2.000000	0.160585	1.000000	77.635950
0.942138	515.861815	368.068017	117.575434	5.623561	3.000000	0.135234	0.000000	79.828381
0.835244	612.548756	363.752800	169.119914	5.855051	3.000000	0.050730	1.000000	76.520501
0.951875	631.561596	415.000403	125.920618	3.784022	5.000000	0.156697	1.000000	80.277890
0.651857	672.494307	267.019621	111.540654	6.830217	3.000000	0.065064	0.000000	70.157595
0.690554	784.937551	262.854805	156.779277	6.434721	2.000000	0.293746	0.000000	76.174531
0.636282	616.325722	369.224107	142.778238	6.317816	5.000000	0.083532	2.000000	78.590369
0.737119	616.504241	344.193356	163.831554	6.380443	4.000000	0.023426	5.000000	78.882383
0.759924	731.325367	292.018554	173.886288	6.764487	4.000000	0.220946	2.000000	80.347599
0.717686	647.452075	258.620422	115.072233	5.404889	3.000000	0.238092	0.000000	69.079233
0.918346	580.533818	259.690390	123.811113	4.200987	5.000000	0.348765	3.000000	77.171077
0.748431	647.517218	398.353735	171.840324	5.658743	5.000000	0.230793	3.000000	83.242297
0.721136	555.911964	277.905246	148.084201	6.100085	4.000000	0.138192	1.000000	74.157217
0.815371	566.357774	300.458223	190.641377	6.082711	5.000000	0.321205	4.000000	82.089496
0.670733	661.020125	283.871573	182.165154	5.325072	5.000000	0.216112	1.000000	73.668788
0.908791	637.664082	305.881866	203.477881	3.739606	5.000000	0.031712	1.000000	76.384825
0.646838	783.464695	256.906189	186.597334	4.798895	3.000000	0.226340	4.000000	72.396367
0.975279	621.043806	334.018754	157.649901	6.722683	5.000000	0.363207	5.000000	89.326048
0.898008	685.192975	256.595555	184.444570	5.545571	2.000000	0.158525	0.000000	74.938322
0.691538	700.385701	382.261141	140.610774	5.384162	3.000000	0.118530	3.000000	75.879196
0.621988	518.349770	285.081622	144.021063	4.440987	5.000000	0.057388	1.000000	62.795230
0.913566	709.579987	337.612043	197.235614	4.789571	5.000000	0.060578	4.000000	81.367862
0.874469	566.842574	395.933564	159.467752	6.633711	2.000000	0.173109	2.000000	80.244891
0.882443	797.054673	356.625469	198.271433	5.832621	3.000000	0.238272	1.000000	83.625311
0.897657	558.206842	336.402260	200.922067	6.255855	4.000000	0.032246	3.000000	78.055354
0.646656	636.399492	300.623239	204.796248	5.090209	4.000000	0.375827	0.000000	77.460510
0.749048	539.592802	302.109828	211.309035	5.705865	3.000000	0.302053	1.000000	72.789472
0.661713	807.581030	359.817013	157.766121	4.369343	5.000000	0.234650	1.000000	76.890966
0.930717	662.145333	415.494900	145.405067	5.969113	5.000000	0.331375	5.000000	93.890931
0.844387	689.543195	358.505421	174.437412	4.996605	4.000000	0.032075	4.000000	79.523166
0.739123	534.220484	340.659856	151.171760	5.048909	4.000000	0.190736	2.000000	73.064725
0.642881	734.988378	370.306563	176.518427	5.772628	4.000000	0.252037	2.000000	81.940585
0.731954	576.212244	324.782763	188.040841	6.776982	2.000000	0.331461	0.000000	77.718784
0.737066	778.527961	255.314412	186.146653	3.724022	4.000000	0.313388	3.000000	74.048929
0.882658	574.811054	341.433904	151.544456	6.386601	2.000000	0.110828	0.000000	75.403786
0.849521	570.562190	409.232736	128.646337	4.523341	3.000000	0.376352	1.000000	82.903690
0.939397	525.245602	275.064455	157.715860	5.053718	5.000000	0.049738	1.000000	74.801555
0.789997	653.287682	363.335839	125.971004	3.576697	4.000000	0.350053	2.000000	79.452935
0.663054	680.563293	279.460128	208.383198	4.553661	5.000000	0.388376	3.000000	78.271843
0.876768	533.818340	336.894448	148.382990	5.259209	5.000000	0.070861	4.000000	78.910504
0.893883	742.505119	261.580011	127.279187	3.696616	4.000000	0.288826	3.000000	74.435858
0.822060	647.766917	322.238616	113.055616	5.218835	4.000000	0.016114	1.000000	71.477998
0.897548	668.670739	374.682011	181.451918	6.744887	3.000000	0.162169	4.000000	86.536375
0.797766	644.084248	304.608516	180.468480	3.868876	2.000000	0.206513	3.000000	73.695164
0.808184	632.324340	359.032361	147.801609	6.175543	2.000000	0.232258	3.000000	79.119499
0.773915	679.034257	381.419668	118.156236	4.933849	5.000000	0.374375	4.000000	81.903902
0.629151	560.140632	404.010996	155.411586	5.793108	4.000000	0.268900	1.000000	79.923645
0.658841	567.986870	285.241117	144.561729	4.410828	3.000000	0.192511	3.000000	65.987063
0.631315	767.864973	313.482680	184.902551	4.058223	3.000000	0.323870	4.000000	75.465318
0.849108	792.657946	271.139346	177.037162	4.061619	3.000000	0.380213	5.000000	82.492908
0.733168	624.252939	415.210921	150.446459	3.746722	3.000000	0.008826	5.000000	74.082990
0.803085	594.098934	403.980666	134.272654	4.149763	3.000000	0.393009	1.000000	77.464616
0.946724	703.835866	337.602648	219.180965	5.824768	2.000000	0.034453	4.000000	79.148349
0.709745	634.667846	389.408710	160.303679	6.585917	2.000000	0.325755	5.000000	83.395454
0.767738	521.963589	334.344293	186.132234	6.349440	2.000000	0.112134	4.000000	72.969045
0.891998	560.408864	351.944945	125.745965	5.897970	4.000000	0.052872	3.000000	77.844003
0.702367	724.995835	260.284840	163.786264	3.886512	5.000000	0.175942	1.000000	69.275376
0.647713	708.223639	374.528877	113.285923	4.512156	3.000000	0.257583	5.000000	76.021464
0.724311	522.466222	266.902862	165.976427	4.584324	4.000000	0.152381	3.000000	70.101801
0.678040	579.759816	386.670599	216.532919	4.374849	3.000000	0.021826	0.000000	69.066163
0.954691	582.435990	379.117817	152.608790	5.302520	2.000000	0.239784	0.000000	80.717372
0.910923	712.036467	366.549716	114.549310	5.374438	4.000000	0.360961	1.000000	84.043563
0.848025	520.294898	251.201505	113.662876	4.749101	2.000000	0.153286	5.000000	68.750221
0.933726	545.107923	296.986513	153.025540	4.738262	3.000000	0.086533	5.000000	76.161143
0.909322	749.675329	290.123806	127.892749	6.399945	3.000000	0.177031	5.000000	82.662243
0.687165	566.992131	306.763394	112.824569	6.262525	5.000000	0.019345	4.000000	68.599255
0.941321	706.407356	260.030731	193.622551	4.577285	3.000000	0.328195	3.000000	81.118078
0.814163	584.525738	405.688267	160.802162	6.698260	2.000000	0.330536	5.000000	89.586087
0.910678	543.735769	339.977084	142.139236	6.834853	3.000000	0.235200	3.000000	85.657029
0.942593	585.992624	297.397419	209.484171	4.643599	5.000000	0.141241	1.000000	78.130324
0.734481	726.846478	313.082330	123.054320	4.740487	5.000000	0.319913	5.000000	77.937305
0.659619	766.074762	321.695236	215.640051	5.269720	2.000000	0.221875	1.000000	76.096955
0.702057	758.584640	348.001928	144.864831	6.793923	4.000000	0.330373	5.000000	83.533037
0.773759	631.271958	333.439022	208.196505	6.567118	3.000000	0.252584	0.000000	79.386670
0.914485	710.917030	402.675723	176.724452	3.858988	5.000000	0.313762	2.000000	86.395347
0.929863	574.765383	330.229237	201.394486	4.874558	3.000000	0.239425	1.000000	77.509492
0.622503	600.685433	415.155100	218.737451	5.436799	3.000000	0.165656	5.000000	76.811622
0.803869	778.022731	391.019380	142.046700	5.260964	4.000000	0.383178	2.000000	87.282443
0.770268	518.322566	280.759553	216.215187	4.178521	5.000000	0.216446	1.000000	76.953494
0.699959	539.639508	404.597079	153.190379	6.505859	3.000000	0.242036	4.000000	84.238314
0.663152	575.618559	264.956837	152.752687	5.869293	5.000000	0.088195	5.000000	73.179946
0.741541	522.300468	385.192625	147.777678	6.432679	2.000000	0.250260	4.000000	82.349256
0.959447	567.842018	310.276895	169.940189	6.505675	2.000000	0.228643	0.000000	80.782884
0.736353	685.914219	395.572596	127.244491	6.119245	3.000000	0.073935	5.000000	79.396398
0.806765	638.398818	393.871722	171.296691	5.037237	5.000000	0.023835	0.000000	78.106381
0.873087	776.945483	383.216206	169.972956	5.636914	3.000000	0.241744	2.000000	81.372155
0.750907	754.828407	380.490220	194.249675	4.061279	5.000000	0.305477	1.000000	82.134373
0.969842	614.994301	297.252472	202.159908	5.857759	5.000000	0.209361	3.000000	82.740231
0.966481	590.770489	258.877657	158.808659	4.127386	4.000000	0.090709	0.000000	71.037686
0.710642	626.129568	314.111101	143.582241	5.928824	4.000000	0.266609	3.000000	77.151451
0.799009	688.046713	274.759454	138.841672	4.303594	4.000000	0.032042	3.000000	70.324683
0.728316	593.310710	364.184112	131.707278	3.911430	3.000000	0.176733	1.000000	70.448122
0.722543	697.999779	304.356103	116.605646	4.078496	4.000000	0.065347	2.000000	67.703717
0.633279	634.867026	412.317149	148.004890	3.506972	4.000000	0.073784	1.000000	69.640987
0.839443	676.801871	354.926711	140.044808	6.015589	2.000000	0.080918	5.000000	79.386124
0.800964	642.721200	386.055417	216.797517	6.063404	5.000000	0.154683	0.000000	82.055653
0.638532	601.072933	267.727981	171.737398	5.302267	5.000000	0.020460	3.000000	67.296894
0.720313	793.345272	392.835484	148.537294	4.064770	4.000000	0.159117	1.000000	75.812842
0.946976	739.000103	403.252858	174.246553	3.792440	5.000000	0.204683	1.000000	83.186805
0.706242	555.693274	328.531119	125.596436	3.566951	2.000000	0.193318	1.000000	71.331458
0.672162	769.829585	348.972379	159.205823	4.080119	2.000000	0.153114	0.000000	68.289312
0.796203	657.804772	376.164881	179.292334	6.617994	4.000000	0.335659	2.000000	87.874673
0.974834	777.498355	274.984825	164.150986	4.345379	2.000000	0.058131	1.000000	72.891677
0.707140	749.657445	331.190082	154.546113	4.739950	5.000000	0.202279	0.000000	74.060735
0.861969	639.512770	313.370709	219.821785	3.868709	3.000000	0.024817	3.000000	74.491054
0.894183	521.105977	270.103140	207.304703	4.278265	5.000000	0.028462	5.000000	73.592619
0.705550	593.491144	308.032153	178.980507	5.317286	3.000000	0.229546	4.000000	74.384883
0.882158	673.740459	256.691551	173.023854	5.627134	4.000000	0.226407	0.000000	72.871243
0.752402	700.742597	249.426742	178.677818	4.358733	3.000000	0.351213	4.000000	76.056453
0.847630	590.318980	268.181019	132.444660	3.702063	2.000000	0.223149	1.000000	69.307107
0.848071	555.470686	410.174242	153.813936	4.868615	5.000000	0.383916	1.000000	83.874826
0.812879	759.969490	339.244315	114.600414	4.319712	3.000000	0.019478	0.000000	68.150640
0.652504	803.914241	410.638501	162.678951	4.268439	5.000000	0.039203	4.000000	78.128707
0.920709	669.052914	319.173386	170.118460	6.859520	4.000000	0.017626	1.000000	74.214054
0.735481	564.973710	298.476467	135.359408	5.657052	4.000000	0.074111	3.000000	72.285802
0.687147	594.558354	331.803329	216.534180	5.449075	2.000000	0.216508	2.000000	74.545343
0.634679	519.906859	320.376255	210.517371	4.955213	4.000000	0.258229	2.000000	75.482267
0.832721	783.303849	263.121493	189.866292	5.001305	3.000000	0.018234	1.000000	69.810720
0.863923	549.118818	354.901713	169.055876	5.393168	4.000000	0.378388	4.000000	85.728449
0.625972	683.995844	282.050548	206.164100	5.937504	2.000000	0.336866	5.000000	75.896313
0.804354	595.072235	351.259334	124.654421	5.957511	5.000000	0.118645	1.000000	77.376585
0.701538	677.428333	356.509487	197.403705	4.100929	5.000000	0.030875	5.000000	75.030502
0.852262	706.017594	271.072262	124.011495	5.250395	4.000000	0.067955	5.000000	74.140667
0.682772	758.444090	255.521461	197.811726	4.941853	3.000000	0.050778	4.000000	69.885951
0.868738	575.187854	378.900612	140.653374	6.546844	2.000000	0.049314	5.000000	76.855412
0.759225	517.732774	323.855773	206.949237	5.709966	3.000000	0.207425	3.000000	75.617796
0.957223	554.744375	254.975091	214.330641	5.363764	2.000000	0.098339	4.000000	72.766590
0.669508	779.105481	415.619573	126.654756	3.903881	4.000000	0.143256	1.000000	74.831460
0.742784	771.423683	254.909366	161.259985	5.619733	2.000000	0.395802	3.000000	80.892267
0.660850	690.139452	364.198542	218.403858	3.910214	2.000000	0.273726	0.000000	73.651620
0.952890	691.051957	413.700936	163.545670	4.680223	4.000000	0.379592	2.000000	86.487408
0.935842	710.020782	286.019388	205.456114	3.999947	3.000000	0.057023	1.000000	73.235894
0.712859	566.059156	269.395767	175.157650	5.922258	4.000000	0.152856	1.000000	74.749910
0.857594	783.337112	265.817517	151.630122	4.221882	2.000000	0.221893	1.000000	70.277394
0.914200	637.618534	297.011688	141.757637	4.871508	4.000000	0.030703	3.000000	77.302140
0.819872	627.142727	262.329357	132.655346	6.634862	2.000000	0.001675	0.000000	69.580399
0.810674	667.061805	363.705670	194.238251	4.215107	4.000000	0.268174	4.000000	83.156490
0.707067	528.307994	255.683043	152.866091	5.277318	5.000000	0.256728	0.000000	75.172864
0.653517	563.387310	332.365895	166.618120	4.967451	5.000000	0.164316	3.000000	76.142895
0.942998	731.481883	415.933510	164.528884	3.563434	4.000000	0.195858	1.000000	81.564263
0.944151	538.842808	384.595901	173.895013	6.274653	3.000000	0.166177	2.000000	85.118267
0.847917	691.826720	350.510134	205.679880	3.741661	2.000000	0.009602	1.000000	71.248273
0.742051	586.632638	297.522496	218.376513	5.159893	5.000000	0.134149	4.000000	77.805467
0.745715	628.952911	351.998136	155.186159	5.462374	3.000000	0.070833	5.000000	77.502790
0.881344	599.375959	335.387611	201.483961	5.699493	2.000000	0.039370	2.000000	72.621134
0.942960	619.067779	318.073300	194.539189	5.910211	5.000000	0.382688	1.000000	88.320548
0.939351	725.899496	267.416830	173.481567	4.386453	5.000000	0.239744	2.000000	78.289210
0.900755	601.853784	397.052623	215.654198	3.534926	4.000000	0.291463	5.000000	84.332152
0.851131	681.022964	322.138067	132.352315	6.032053	2.000000	0.126145	0.000000	75.058736
0.650290	654.458818	278.377761	122.296379	5.374798	3.000000	0.157259	3.000000	70.270219
0.678186	709.619323	308.070729	204.399307	6.426412	3.000000	0.094770	1.000000	76.920557
0.943480	789.927943	316.023253	158.666267	6.374859	3.000000	0.038786	4.000000	76.729838
0.838314	729.876197	386.922749	203.628316	6.451642	2.000000	0.071613	0.000000	75.732668
0.623311	577.692471	370.814866	208.713195	5.197831	3.000000	0.319006	1.000000	73.962374
0.656530	523.667842	376.935789	117.135950	4.667699	3.000000	0.271018	0.000000	75.805927
0.858861	591.605629	246.891862	207.651990	6.270454	3.000000	0.218772	4.000000	76.054223
0.621822	689.452912	316.370411	159.677176	5.079529	4.000000	0.190036	1.000000	73.017367
0.677891	529.619189	327.550522	166.525182	4.142048	4.000000	0.368974	5.000000	77.341044
0.817544	660.431677	248.291475	179.331824	6.492409	2.000000	0.029094	5.000000	70.395828
0.869082	689.971798	289.557965	212.383682	6.588960	2.000000	0.112240	4.000000	79.693817
0.854706	612.767704	375.389705	112.357549	5.132084	3.000000	0.139975	2.000000	76.747055
0.700737	741.148188	268.514315	162.821992	3.764949	4.000000	0.312970	4.000000	73.987063
0.876385	545.839886	336.805688	186.071355	4.857391	5.000000	0.397006	2.000000	84.653472
0.705410	536.590508	281.907121	189.928442	6.312382	5.000000	0.096268	1.000000	74.341036
0.737144	728.587494	247.078713	186.601701	6.656209	3.000000	0.349723	2.000000	77.252261
0.888737	660.174447	286.366050	125.071473	4.212155	3.000000	0.332249	1.000000	78.172588
0.853868	716.890305	412.362349	143.258364	3.734408	4.000000	0.089863	1.000000	79.844641
0.925720	642.339238	382.463615	149.798387	6.570727	4.000000	0.159733	3.000000	81.839484
0.856741	586.942198	409.567395	198.939202	4.862917	4.000000	0.163869	1.000000	81.340550
0.824591	755.316081	328.666969	140.983276	5.396163	2.000000	0.391288	2.000000	81.262686
0.653723	749.528268	263.819758	133.480222	6.888230	2.000000	0.072357	3.000000	71.914174
0.752378	718.740762	338.975052	215.808644	3.732977	3.000000	0.319663	3.000000	76.024101
0.715473	594.510670	322.925713	111.227177	5.769113	2.000000	0.133677	1.000000	74.263423
0.707836	688.027816	389.807240	220.259749	3.759369	4.000000	0.292348	4.000000	77.544212
0.970284	620.626326	261.821163	184.869548	4.814141	4.000000	0.168004	4.000000	76.740219
0.761515	541.425130	328.733355	201.588740	6.313351	2.000000	0.231344	5.000000	79.891889
0.941137	784.190191	270.733346	142.731788	5.017153	5.000000	0.333045	3.000000	81.543690
0.847210	554.724677	300.681921	111.828259	6.990138	3.000000	0.321666	1.000000	78.597235
0.906132	793.869782	371.456739	191.600114	5.456707	5.000000	0.346569	4.000000	90.488297
0.800949	645.625697	326.637109	202.214442	4.624068	3.000000	0.023847	1.000000	71.351217
0.827685	568.929081	309.464841	191.887494	4.270390	5.000000	0.276820	1.000000	77.527152
0.797306	673.818879	312.652682	125.999244	4.726822	2.000000	0.055995	3.000000	71.907830
0.690287	771.146076	323.795121	193.315428	4.803866	3.000000	0.166327	5.000000	75.050248
0.880083	729.774117	379.630337	195.023737	3.740498	3.000000	0.219435	3.000000	80.887453
0.721078	751.628977	397.992524	182.854092	4.793510	3.000000	0.161096	0.000000	76.095767
0.628754	708.182310	408.839899	194.714282	5.124835	4.000000	0.207845	4.000000	78.740306
0.852370	718.029310	379.953931	203.512839	6.029582	4.000000	0.398611	4.000000	89.750557
0.683760	764.163522	299.092283	177.899854	5.798553	5.000000	0.054087	4.000000	73.781192
0.958565	587.902395	363.015102	120.018670	5.980680	2.000000	0.270182	2.000000	81.419767
0.963414	658.390939	320.048936	164.010966	3.529273	4.000000	0.158400	1.000000	77.984072
0.949351	579.535576	288.676012	118.810839	4.261836	3.000000	0.053204	3.000000	70.437960
0.753257	804.874394	389.209476	155.181619	5.815895	4.000000	0.063495	4.000000	78.571337
0.625564	792.053446	251.590119	155.133490	5.193963	2.000000	0.379709	0.000000	73.050812
0.954195	526.091483	399.652182	117.527585	3.518597	4.000000	0.351841	4.000000	83.719634
0.774146	721.939101	324.143385	148.707464	6.315731	3.000000	0.362817	5.000000	81.711755
0.967996	786.523005	354.280053	122.487540	6.204834	5.000000	0.396613	1.000000	89.617080
0.966903	567.589151	358.079198	199.357932	5.419467	3.000000	0.083326	1.000000	77.649793
0.927083	681.475898	398.512693	214.732605	3.732622	2.000000	0.142176	3.000000	78.752062
0.726002	783.653559	354.188850	118.222891	6.182803	5.000000	0.267688	2.000000	83.939320
0.758635	524.480118	350.289610	215.551452	5.542998	4.000000	0.193521	3.000000	78.940379
0.926409	719.541559	256.430825	167.864070	6.236860	4.000000	0.167356	4.000000	82.015912
0.734092	601.920608	333.906976	143.277116	6.131114	4.000000	0.143124	5.000000	77.578956
0.681017	786.272481	270.753984	118.724044	6.310507	5.000000	0.237512	0.000000	79.506248
0.820448	799.991124	371.469891	165.443826	5.313028	3.000000	0.230237	3.000000	81.251692
0.957016	792.114348	332.846059	197.845339	3.991136	5.000000	0.064583	2.000000	76.718393
0.870571	653.918980	361.659064	188.206284	5.849051	5.000000	0.188696	3.000000	84.807789
0.825222	767.940539	252.146902	115.787418	5.671658	2.000000	0.221389	1.000000	76.213137
0.654984	762.797523	259.541831	118.287427	6.097886	5.000000	0.228115	4.000000	73.211521
0.841403	608.315539	367.849461	154.666779	4.094584	4.000000	0.084043	4.000000	75.293274
0.976419	758.201149	257.362464	142.805777	4.182413	3.000000	0.296909	4.000000	77.400614
0.670430	525.380245	257.220529	135.870372	6.616433	3.000000	0.010080	4.000000	68.011401
0.806599	689.803344	247.076604	141.230746	6.124922	3.000000	0.141933	4.000000	74.026651
0.935854	582.122598	409.039990	198.833972	6.678800	4.000000	0.312085	4.000000	93.817479
0.886677	549.946664	371.482684	212.697393	6.155504	4.000000	0.225557	0.000000	82.794210
0.870926	537.124241	305.582617	154.912572	5.590044	4.000000	0.104465	2.000000	77.708418
0.872894	719.208900	295.855852	210.148738	5.789465	4.000000	0.277981	4.000000	82.544001
0.749417	614.423239	304.974104	145.694901	6.611948	4.000000	0.226956	2.000000	80.045941
0.725693	727.581431	377.853081	162.777178	5.525824	5.000000	0.318497	5.000000	85.909283
0.911370	533.714764	358.425060	135.169697	5.713370	4.000000	0.294010	4.000000	87.425957
0.911641	607.195359	276.761040	180.862484	4.047669	4.000000	0.244043	3.000000	73.502458
0.932146	673.110440	274.859751	218.182668	5.158724	4.000000	0.195271	4.000000	77.352176
0.948767	746.972610	261.874854	176.785114	6.007390	4.000000	0.053273	1.000000	79.584349
0.804083	608.213236	358.241916	149.699003	4.448299	3.000000	0.104533	0.000000	71.113272
0.800546	698.512065	376.089912	181.671873	4.207890	4.000000	0.167640	3.000000	77.201138
0.907386	774.977458	290.455462	123.802005	4.598394	5.000000	0.239720	3.000000	77.834646
0.853987	695.563777	248.592061	208.224664	4.345252	5.000000	0.205483	1.000000	77.253949
0.872708	582.990086	259.092441	165.715006	4.252194	5.000000	0.115274	4.000000	70.432303
0.906485	521.673830	410.987996	159.790809	4.986978	2.000000	0.002586	0.000000	74.175162
0.940402	770.309069	295.668779	174.841593	6.677435	3.000000	0.198496	3.000000	82.077418
0.741678	520.753207	376.921770	179.132421	5.274709	4.000000	0.114250	0.000000	76.948543
0.755210	771.662292	352.129802	118.163283	4.157721	2.000000	0.293843	3.000000	75.824736
0.653833	670.007517	310.502648	185.508549	3.769401	4.000000	0.009579	4.000000	68.620858
0.828181	790.585903	280.275365	136.922968	5.936547	2.000000	0.233931	5.000000	76.100642
0.632939	749.342271	265.817771	188.963278	4.839796	2.000000	0.376590	3.000000	79.364577
0.787615	807.892628	350.474724	200.934461	6.376408	5.000000	0.069764	5.000000	81.891382
0.815352	617.609274	377.849693	198.886425	5.808288	5.000000	0.188660	3.000000	83.203945
0.723155	740.053357	355.429579	171.163232	6.286845	2.000000	0.036569	2.000000	77.855793
0.832700	632.667689	335.946816	167.598731	4.451811	5.000000	0.250273	4.000000	79.117088
0.630980	655.583432	252.194635	126.002075	5.923256	2.000000	0.220213	1.000000	72.491803
0.633445	698.986606	411.095825	195.731913	4.424217	3.000000	0.162946	5.000000	76.727349
0.916136	771.361072	381.979484	140.172884	6.786740	5.000000	0.208551	1.000000	88.569413
0.749669	803.820540	295.218979	165.010670	5.727310	5.000000	0.358630	4.000000	82.367744
0.665742	740.372384	413.064911	141.591219	4.635791	5.000000	0.078518	1.000000	73.226082
0.808008	637.323434	348.222693	125.004577	4.443292	3.000000	0.009026	4.000000	72.386029
0.897198	638.378959	344.885486	179.658736	4.168243	2.000000	0.344666	1.000000	80.898134
0.697696	731.349197	373.294550	116.240107	5.931243	4.000000	0.230847	5.000000	78.758819
0.844241	584.700481	384.218519	192.788137	4.265505	5.000000	0.356263	2.000000	83.621982
0.650725	546.979389	357.586081	145.263944	5.583561	2.000000	0.238778	1.000000	76.306972
0.638605	618.758914	266.968421	110.264850	4.426223	3.000000	0.324064	5.000000	73.167710
0.811288	598.948264	303.012877	166.601988	5.816891	4.000000	0.171869	3.000000	76.338006
0.814629	601.614587	404.166344	115.415423	6.352289	5.000000	0.299944	4.000000	85.833470
0.849475	583.180679	283.521577	140.697694	6.223088	3.000000	0.365217	0.000000	83.284415
0.881393	526.875398	308.826645	188.194158	6.162980	3.000000	0.228849	0.000000	75.255152
0.971307	519.754937	319.101185	117.161531	4.157028	4.000000	0.072314	4.000000	73.925485
0.805868	804.890383	320.357956	202.787069	3.809347	2.000000	0.107519	2.000000	69.617183
0.736264	640.265301	350.119138	110.671146	5.946321	5.000000	0.079458	1.000000	77.856036
0.906267	627.492034	406.737506	137.462332	4.789215	5.000000	0.098743	2.000000	80.519136
0.717500	714.316301	286.278800	191.934672	5.013212	2.000000	0.122566	0.000000	70.092715
0.778030	578.666643	265.837486	145.118784	3.609022	2.000000	0.222054	5.000000	75.348677
0.648244	793.788588	278.866189	121.483636	4.408518	2.000000	0.235197	4.000000	69.785760
0.629126	745.685434	397.107620	149.965790	3.617867	4.000000	0.170600	4.000000	78.891961
0.966553	540.786835	355.756554	140.060860	6.577150	4.000000	0.246168	2.000000	83.855026
0.920953	637.268748	294.033014	203.158987	4.351888	5.000000	0.032630	5.000000	75.109076
0.870551	772.960782	384.934900	144.796608	5.450680	4.000000	0.035115	2.000000	84.338892
0.767223	792.251215	392.724954	197.229805	3.636428	3.000000	0.068732	1.000000	74.016786
0.682386	651.916044	390.177209	208.578904	5.833966	5.000000	0.207231	3.000000	79.447282
0.676317	694.842948	402.595901	158.078371	4.630596	4.000000	0.085598	5.000000	77.231114
0.710087	563.607980	288.259335	210.571232	6.642717	2.000000	0.113314	3.000000	72.735025
0.817722	805.903576	374.489691	151.849315	6.608414	3.000000	0.160125	1.000000	82.629086
0.877255	582.611480	323.982524	216.539645	4.638517	2.000000	0.324746	3.000000	79.529625
0.857671	791.663142	389.402752	120.094170	6.653363	5.000000	0.005545	0.000000	84.818510
0.720776	705.496115	369.936151	185.993874	6.986552	2.000000	0.259752	3.000000	83.767534
0.963752	693.174618	378.160737	164.692998	6.388955	4.000000	0.267551	1.000000	85.225419
0.885643	665.230422	357.531755	152.988281	6.457050	4.000000	0.319462	3.000000	86.951266
0.819567	582.316925	275.429034	180.006485	4.371531	5.000000	0.373101	4.000000	78.057431
0.840219	566.399241	338.472117	187.850244	5.518458	2.000000	0.008055	2.000000	71.891860
0.771056	579.322945	413.870860	110.731050	3.735396	5.000000	0.061513	0.000000	71.310261
0.709183	569.312849	405.762053	128.656578	3.832213	2.000000	0.354469	4.000000	82.478401
0.748150	743.697835	252.404296	188.863327	6.996124	3.000000	0.183407	4.000000	75.992128
0.892825	617.436826	273.265741	183.718992	4.643237	4.000000	0.225836	1.000000	77.176037
0.625182	531.505747	267.591485	216.756737	6.118644	5.000000	0.265211	2.000000	74.754000
0.661786	799.416173	369.505555	194.154416	6.323328	3.000000	0.271627	2.000000	79.708746
0.636561	774.333050	385.250184	215.072691	6.503081	3.000000	0.372696	5.000000	87.257378
0.634662	787.259171	281.617199	187.705090	6.991699	5.000000	0.398780	0.000000	83.155077
0.927966	807.002900	331.753737	143.110256	4.345238	5.000000	0.288063	1.000000	83.588540
0.873317	565.625203	389.180569	121.866483	3.641228	3.000000	0.114888	0.000000	67.929176
0.790703	630.995154	370.675465	196.446081	4.939170	2.000000	0.351901	5.000000	80.292871
0.655220	737.422112	337.993681	181.267452	3.955282	3.000000	0.019688	3.000000	70.821543
0.796982	719.130062	346.244629	115.562508	3.578491	5.000000	0.092432	4.000000	72.374992
0.790450	559.745396	332.183834	149.945564	4.761494	3.000000	0.358954	0.000000	77.917287
0.682353	754.354939	296.029559	215.737180	6.243084	2.000000	0.102477	4.000000	71.838858
0.776187	580.485528	341.901272	165.419226	5.481632	4.000000	0.088260	1.000000	75.865013
0.763462	580.302379	363.143829	157.958387	4.594723	4.000000	0.055250	3.000000	75.321855
0.841706	672.370480	394.774880	160.711381	5.790197	3.000000	0.343645	1.000000	86.646129
0.848634	688.824341	354.123967	133.279320	4.312064	2.000000	0.200023	3.000000	78.422526
0.636309	685.045345	375.532344	150.899966	3.550335	4.000000	0.269957	3.000000	78.848661
0.754861	541.397130	272.452285	151.021911	6.175237	3.000000	0.095627	4.000000	69.547224
0.845310	772.473494	324.157107	116.022141	5.683101	3.000000	0.303216	1.000000	79.028486
0.801129	592.586413	246.600373	194.874331	6.168059	2.000000	0.304002	1.000000	77.407211
0.928336	552.577387	287.305425	156.169614	3.636283	5.000000	0.125039	0.000000	74.240150
0.857130	775.791935	369.588184	200.895333	6.429919	3.000000	0.164273	1.000000	81.515807
0.678656	795.461540	415.095407	204.000867	5.668342	5.000000	0.083876	0.000000	78.308345
0.645405	767.965519	262.009044	133.622345	5.471884	5.000000	0.390624	2.000000	76.765600
0.851271	752.497726	313.856275	182.723221	5.686149	4.000000	0.258241	2.000000	78.515808
0.629544	707.141142	382.212171	162.319069	6.525516	5.000000	0.373818	2.000000	82.872932
0.830879	676.452067	279.992111	207.287280	5.554278	2.000000	0.121354	5.000000	72.675282
0.958483	540.074107	340.197069	134.035410	5.533326	4.000000	0.312756	1.000000	82.058325
0.827171	634.585245	370.721727	184.978905	6.967377	4.000000	0.306343	5.000000	88.759945
0.759741	624.070424	350.641505	177.254671	6.148556	4.000000	0.276662	1.000000	82.093310
0.851584	590.867612	277.246242	142.806988	5.048028	3.000000	0.386256	0.000000	76.394125
0.784971	727.185513	305.948454	125.310250	5.975890	3.000000	0.157422	5.000000	76.194262
0.816422	660.287466	379.420291	182.093284	4.862307	5.000000	0.052287	5.000000	79.323305
0.958927	538.327587	340.049847	191.680370	4.301064	4.000000	0.268684	5.000000	79.225110
0.758997	579.233861	245.896879	145.047915	5.588982	4.000000	0.291724	3.000000	77.058022
0.966029	715.378077	375.509915	181.342795	6.748637	2.000000	0.230024	0.000000	87.695355
0.945926	536.882473	251.055897	153.813183	6.751988	5.000000	0.082727	2.000000	75.237402
0.690485	764.754833	372.893344	188.881059	4.696668	2.000000	0.201782	0.000000	74.520557
0.644970	660.073079	279.725416	132.213484	5.346871	5.000000	0.124876	3.000000	73.932937
0.656280	655.792454	409.309602	208.396204	4.240726	5.000000	0.170987	1.000000	77.326944
0.626560	688.667889	308.101839	141.936908	6.984709	3.000000	0.258087	0.000000	77.259801
0.653999	756.956204	301.068772	150.798405	6.933913	3.000000	0.298086	5.000000	80.354320
0.865882	616.755907	270.534301	116.654638	5.773281	2.000000	0.092890	2.000000	74.326440
0.645628	713.836749	297.411123	122.544221	6.315449	5.000000	0.162130	2.000000	76.036678
0.734831	680.825197	395.345606	167.123775	6.002851	4.000000	0.107665	1.000000	79.907261
0.924155	593.006311	415.871339	139.752093	5.576054	3.000000	0.079453	0.000000	80.272811
0.628378	772.817216	308.165084	202.361695	3.686718	4.000000	0.313355	3.000000	74.348299
0.913209	748.943250	321.936723	111.869946	5.091675	2.000000	0.363701	1.000000	79.937240
0.721468	708.084839	368.835166	152.045119	5.861752	3.000000	0.148093	0.000000	77.957181
0.662539	764.571028	396.982576	147.442347	5.871361	3.000000	0.300512	4.000000	83.202809
0.870825	769.484495	346.707103	112.380871	4.805929	5.000000	0.358798	2.000000	81.920914
0.846419	722.758715	312.146657	123.961616	6.795922	2.000000	0.338450	3.000000	86.541836
0.935890	760.581919	315.764646	155.854105	4.085750	5.000000	0.073125	5.000000	79.684709
0.884626	719.556610	364.298512	164.588320	5.251258	3.000000	0.382517	3.000000	86.035457
0.909253	714.461387	245.551932	154.822945	5.918094	2.000000	0.150671	5.000000	75.259682
0.721532	696.371745	351.259571	168.785879	5.939975	3.000000	0.135696	3.000000	77.502771
0.683878	735.798692	305.967051	175.863267	5.770236	2.000000	0.024973	2.000000	71.050996
0.890221	561.129901	381.204842	111.344101	4.463509	3.000000	0.194469	5.000000	74.925602
0.910461	773.476003	260.947895	161.416491	4.046723	4.000000	0.043605	0.000000	74.627976
0.976582	770.821997	345.876689	216.475791	5.725791	4.000000	0.099416	5.000000	82.720419
0.768542	523.098701	327.486851	167.473309	5.597557	5.000000	0.126777	1.000000	75.186373
0.753927	757.290125	355.158828	184.949035	4.127746	4.000000	0.323531	0.000000	79.521843
0.899509	552.387741	256.122391	144.632990	5.967987	3.000000	0.350195	1.000000	82.397391
0.742689	613.024943	344.467220	195.582549	5.093102	3.000000	0.120987	3.000000	74.653666
0.955073	733.091427	341.294607	195.464593	5.837162	4.000000	0.343479	0.000000	89.844709
0.929029	561.763409	341.153206	167.722889	6.430785	5.000000	0.342892	3.000000	88.357658
0.774438	754.982305	348.498135	217.855524	4.094050	4.000000	0.305860	4.000000	79.731436
0.890314	759.147448	361.014251	124.091911	3.567007	2.000000	0.058678	3.000000	73.300677
0.891635	663.695514	383.055613	112.118480	6.226859	2.000000	0.276129	3.000000	83.484743
0.657125	516.377446	291.274254	195.159943	5.633941	2.000000	0.378010	1.000000	72.823160
0.944919	598.889211	386.495974	199.238898	5.948738	4.000000	0.273016	5.000000	89.135177
0.801891	695.876514	330.450850	123.502847	6.433542	4.000000	0.132647	4.000000	79.216640
0.917525	802.968736	258.215495	139.530507	6.309838	4.000000	0.200232	3.000000	81.319879
0.735218	700.253177	255.041484	112.185148	6.863221	2.000000	0.258290	3.000000	75.773063
0.942388	590.882253	302.321872	142.587274	5.375773	5.000000	0.204228	4.000000	79.279473
0.760113	700.897677	379.609832	195.488892	5.209735	3.000000	0.047981	4.000000	78.257165
0.623902	673.255702	366.367280	167.355148	4.906605	4.000000	0.124826	0.000000	71.561109
0.945938	743.774546	380.247466	148.627539	4.037919	5.000000	0.320958	1.000000	78.741876
0.652863	545.952308	333.711643	151.234257	5.504125	3.000000	0.344567	4.000000	78.106791
0.734953	738.242203	320.494128	110.399237	4.469544	3.000000	0.054920	4.000000	69.518112
0.962022	673.632374	270.288108	143.303008	6.724576	3.000000	0.380955	2.000000	85.094517
0.962219	797.619649	301.285057	181.522076	5.541168	5.000000	0.131529	5.000000	86.783568
0.826438	615.010417	319.434321	217.654937	5.574941	5.000000	0.264925	4.000000	86.832170
0.847461	700.490837	260.194974	203.638456	4.742236	2.000000	0.300730	1.000000	75.209132
0.781440	788.516263	282.834950	112.851345	3.681963	5.000000	0.324778	5.000000	76.243102
0.725556	544.637860	347.595638	209.316307	3.611103	5.000000	0.378300	5.000000	81.872674
0.738319	790.045175	371.166224	196.597625	4.981673	5.000000	0.125168	3.000000	79.009190
0.862107	716.738402	416.216598	196.286468	3.795979	3.000000	0.343403	3.000000	85.606651
0.890855	534.444095	405.028936	160.744032	5.623964	4.000000	0.052675	3.000000	78.370941
0.904968	602.983289	355.199932	154.130084	6.583406	2.000000	0.282016	3.000000	84.190405
0.904263	722.702594	317.244041	143.646459	6.590202	4.000000	0.296791	2.000000	83.023641
0.652834	534.301077	354.104418	117.492858	5.806659	4.000000	0.271089	4.000000	80.213830
0.797991	685.658115	379.739253	135.412949	4.239311	5.000000	0.100926	3.000000	75.833444
0.640721	616.189619	265.294657	137.438051	6.520489	2.000000	0.349217	0.000000	75.083427
0.817830	697.049162	315.298689	163.619497	6.601327	4.000000	0.067543	3.000000	75.226128
0.778951	527.948158	389.026092	192.655746	4.188288	4.000000	0.021454	4.000000	75.638191
0.939574	770.731821	310.827351	162.487534	6.080991	2.000000	0.286986	3.000000	81.193771
0.746329	800.705757	343.076095	116.627351	4.502818	5.000000	0.190190	2.000000	77.702745
0.662144	799.350089	345.802445	215.846326	6.309241	4.000000	0.339639	1.000000	85.499297
0.671477	734.897639	276.637677	214.185356	6.990333	3.000000	0.153359	1.000000	74.808778
0.894144	552.745355	307.123378	196.817147	3.605091	4.000000	0.067311	4.000000	70.537476
0.842559	737.429380	302.368686	219.543901	6.640781	3.000000	0.334577	1.000000	84.874384
0.656404	521.728553	249.492736	170.279177	5.679207	5.000000	0.219564	1.000000	69.891136
0.650278	521.004324	249.148888	216.395211	6.906839	4.000000	0.075678	0.000000	68.898106
0.872349	609.641404	387.636043	118.585456	5.127533	2.000000	0.288154	4.000000	82.286735
0.646195	658.161098	291.831644	150.566302	6.465858	2.000000	0.204445	4.000000	76.872617
0.915870	740.999781	333.850508	135.098285	3.718379	4.000000	0.241725	1.000000	78.154876
0.874247	715.388841	296.231436	131.840598	4.673477	5.000000	0.184359	1.000000	76.588868
0.649286	645.595396	406.326491	125.773525	3.734558	5.000000	0.331484	1.000000	80.004692
0.650542	594.946240	289.469394	178.871104	6.913701	2.000000	0.331825	5.000000	78.734959
0.975190	807.654603	318.686143	196.390735	6.359409	4.000000	0.283756	2.000000	88.526239
0.754737	639.797303	394.673238	174.007399	6.483916	5.000000	0.042161	3.000000	82.385445
0.753431	647.207785	389.391607	126.452639	6.782878	2.000000	0.335542	2.000000	82.838155
0.912608	562.605403	276.916393	199.676396	3.797862	3.000000	0.268405	4.000000	69.473391
0.961009	748.174007	382.653328	180.364006	4.849592	4.000000	0.278810	0.000000	83.475447
0.974960	718.442574	323.579051	153.045269	3.748622	3.000000	0.145193	3.000000	78.967928
0.891216	579.406266	327.829162	184.572865	4.237776	3.000000	0.351712	0.000000	78.902119
0.755453	538.720027	267.891815	138.904524	4.302780	5.000000	0.290149	5.000000	74.349966
0.650060	714.566795	258.823160	148.307441	5.141875	5.000000	0.045036	4.000000	71.797405
0.899773	706.926297	369.841591	211.402814	4.439968	5.000000	0.163111	5.000000	83.039922
0.821026	594.838301	330.143088	142.278122	3.853423	4.000000	0.354552	4.000000	75.107194
0.772720	794.053887	319.919895	162.066207	4.086219	3.000000	0.018879	0.000000	66.266057
0.946288	558.911020	370.110661	208.388060	4.015464	4.000000	0.384567	0.000000	84.670547
0.660031	641.606432	376.285462	188.276279	6.905769	5.000000	0.271665	0.000000	82.665866
0.797345	791.923081	272.252751	117.107906	6.157524	3.000000	0.252550	4.000000	81.359047
0.624087	637.899831	349.653613	126.490161	6.887165	4.000000	0.108224	1.000000	73.386614
0.788718	702.226629	268.213225	111.114535	5.039092	4.000000	0.099517	0.000000	69.376675
0.640269	631.392753	373.860827	179.809127	4.474290	2.000000	0.376823	5.000000	77.508690
0.662774	595.119269	357.667809	159.605995	6.294026	4.000000	0.119309	3.000000	75.311781
0.662309	803.789429	409.059408	125.053802	4.641889	5.000000	0.310202	4.000000	79.493152
0.853716	634.844198	256.826300	215.862237	4.547842	4.000000	0.157249	5.000000	74.336848
0.888576	777.365166	254.784885	168.644985	4.313771	3.000000	0.055702	2.000000	70.573664
0.830013	582.106654	293.395083	136.918736	3.953876	4.000000	0.004286	2.000000	67.571695
0.966382	577.152783	289.882525	165.441544	4.397621	2.000000	0.217703	3.000000	79.939049
0.754953	523.653420	287.356864	185.178142	4.743619	3.000000	0.390312	1.000000	79.819004
0.722856	706.090047	400.422661	118.655374	5.858980	3.000000	0.147654	0.000000	75.819790
0.932696	622.846745	287.797173	140.536096	3.718977	2.000000	0.142877	4.000000	68.004966
0.700495	768.621325	291.639378	199.217945	4.236774	5.000000	0.137637	5.000000	74.478495
0.966760	653.623713	375.236802	160.928052	6.331583	3.000000	0.208218	0.000000	84.473465
0.624376	799.148868	322.130383	170.510130	4.014227	5.000000	0.176266	5.000000	73.209857
0.969156	569.044502	378.205861	157.967964	4.699258	3.000000	0.351966	4.000000	83.718936
0.635538	769.875211	256.210296	115.089969	6.526306	3.000000	0.202208	2.000000	75.794748
0.940812	742.819475	328.618460	128.523913	4.042239	5.000000	0.203103	0.000000	77.892779
0.809972	741.151022	250.764732	159.370966	3.789579	3.000000	0.055349	3.000000	69.123988
0.977467	762.866269	255.745024	133.312698	5.195883	5.000000	0.393096	1.000000	81.490064
0.646567	738.241053	400.454023	115.760188	4.558468	2.000000	0.099989	3.000000	72.654435
0.819388	698.608775	268.880581	203.262375	5.471929	5.000000	0.029346	1.000000	72.387938
0.968949	553.085994	336.310147	218.426476	6.313317	2.000000	0.265258	5.000000	83.501225
0.808315	524.062697	315.502896	197.694002	3.980020	3.000000	0.238147	0.000000	75.360260
0.846584	785.229267	304.569380	204.379788	5.532447	5.000000	0.166058	0.000000	76.538624
0.870470	695.795192	399.321419	136.927979	5.269281	3.000000	0.168877	1.000000	80.932570
0.783635	748.681964	248.742713	216.159124	4.004276	5.000000	0.314026	2.000000	76.068781
0.845921	656.067571	358.839931	131.961059	5.683995	2.000000	0.078285	4.000000	77.215076
0.830353	548.988608	410.222145	215.145137	4.457741	2.000000	0.328101	3.000000	81.845822
0.944417	551.304623	341.068843	219.928827	5.207420	5.000000	0.259499	5.000000	86.990100
0.636361	716.056194	405.665052	188.717439	3.787953	2.000000	0.167588	3.000000	72.331576
0.721147	641.009933	253.962226	218.421096	5.108544	3.000000	0.183211	3.000000	74.512048
0.962148	573.454270	316.823054	173.041761	4.572622	3.000000	0.102659	5.000000	76.433604
0.940495	659.028797	289.617061	138.864482	6.378334	4.000000	0.300846	5.000000	81.779137
0.784036	533.377428	370.335795	158.428796	3.699426	2.000000	0.205150	0.000000	73.587898
0.843248	685.599592	413.292451	175.690093	4.965125	3.000000	0.128342	3.000000	80.140472
0.719857	593.584061	288.994906	118.307242	5.104510	5.000000	0.238420	4.000000	71.902721
0.687724	748.982376	357.190944	178.863345	6.037521	2.000000	0.398294	4.000000	84.378433
0.786931	605.746416	278.973744	218.424857	5.510007	3.000000	0.174105	1.000000	75.999104
0.747207	648.334724	341.954139	131.209368	5.835243	2.000000	0.368277	5.000000	84.091049
0.830116	517.916439	324.564421	197.633612	6.219672	5.000000	0.138007	0.000000	77.095191
0.647984	535.799385	411.698914	210.345842	6.517710	3.000000	0.021893	4.000000	76.982930
0.970782	629.893106	349.362427	214.293101	4.598564	4.000000	0.081697	2.000000	78.809179
0.975036	655.602017	304.940343	216.104950	5.383079	4.000000	0.167478	0.000000	82.558569
0.871338	690.906041	264.567427	167.740925	6.440378	2.000000	0.087854	0.000000	71.375143
0.812995	600.248798	270.938831	217.998197	6.963079	5.000000	0.000091	4.000000	75.168397
0.731430	718.824675	283.641853	193.743450	6.613318	3.000000	0.366001	2.000000	79.581017
0.912966	767.375985	288.040782	128.074276	4.800135	5.000000	0.337552	1.000000	78.537373
0.866503	743.776191	390.880654	162.828237	4.183083	3.000000	0.296917	4.000000	83.853086
0.678542	526.147935	341.249708	189.446012	5.212874	2.000000	0.067126	2.000000	72.990217
0.947934	655.769042	334.761541	137.519270	6.095745	3.000000	0.048145	0.000000	76.002986
0.916113	545.349472	264.682862	180.877824	5.223992	5.000000	0.027042	2.000000	70.987700
0.961928	585.661235	392.513957	183.742703	5.191133	5.000000	0.289612	0.000000	86.392001
0.881259	804.578802	368.962653	128.187647	6.433806	2.000000	0.371523	4.000000	89.016783
0.840829	556.393690	256.605124	172.550656	4.764913	5.000000	0.172214	5.000000	74.684254
0.770567	661.173117	366.393719	195.321867	6.509281	3.000000	0.047656	4.000000	81.266244
0.955782	696.237786	338.216804	165.253247	4.923817	2.000000	0.204957	3.000000	78.140766
0.931783	721.024701	259.015897	111.584369	4.648816	3.000000	0.139533	3.000000	72.740401
0.636279	679.036713	323.598560	111.246491	5.088965	5.000000	0.149930	3.000000	73.938954
0.629492	517.372629	328.125413	149.612485	6.168564	2.000000	0.248532	4.000000	75.498451
0.755527	610.479625	273.430334	212.362896	3.941007	3.000000	0.287487	1.000000	72.797759
0.911799	666.707223	407.187232	135.461615	4.187467	5.000000	0.044241	4.000000	76.895781
0.975419	540.332751	390.770776	180.188597	6.830057	5.000000	0.014236	5.000000	89.246065
0.674150	617.584318	359.737331	134.733865	4.114221	4.000000	0.397732	2.000000	78.040193
0.833887	524.261714	324.283689	145.714116	5.487046	5.000000	0.093091	4.000000	76.570735
0.757121	537.602078	315.617790	203.746640	5.527601	3.000000	0.021532	4.000000	73.201286
0.969169	631.195443	356.641950	190.606974	5.213686	2.000000	0.075950	0.000000	75.392689
0.923163	553.518432	338.541566	120.767770	5.756608	4.000000	0.015583	0.000000	74.357522
0.921798	681.357009	255.679838	157.514398	4.304394	5.000000	0.156724	0.000000	72.356332
0.788730	717.202701	332.894204	113.465966	5.434318	5.000000	0.320961	4.000000	83.584403
0.769335	749.872490	383.298220	163.268139	4.802606	5.000000	0.136498	1.000000	78.281311
0.718427	573.344172	323.759639	183.283350	5.815835	3.000000	0.177673	2.000000	75.566564
0.640295	563.739879	253.910553	123.314914	3.994282	4.000000	0.270235	2.000000	66.256486
0.931300	545.242945	379.846711	142.099565	5.498071	3.000000	0.203558	5.000000	80.840007
0.912644	701.610493	279.533889	154.111488	4.148446	4.000000	0.344578	1.000000	76.008984
0.979898	722.203864	289.353473	211.628295	4.475251	2.000000	0.346414	1.000000	79.210043
0.978789	523.786327	273.247140	219.756365	4.265484	3.000000	0.003964	2.000000	65.354160
0.819955	789.746400	301.631884	115.201471	4.139932	3.000000	0.311219	3.000000	76.628323
0.896835	529.779557	374.782883	194.151124	6.389988	2.000000	0.184293	0.000000	79.175504
0.960116	673.641123	334.074675	151.232578	4.499976	4.000000	0.395536	0.000000	83.857290
0.925873	722.963793	280.137139	153.518515	6.744933	5.000000	0.193293	2.000000	82.235729
0.709045	770.564922	395.547858	193.407713	6.894743	2.000000	0.394758	1.000000	89.204707
0.782196	724.441558	395.848288	211.506514	5.499412	5.000000	0.301828	5.000000	93.144015
0.666497	750.208056	394.304200	215.089878	4.000504	5.000000	0.099442	3.000000	79.111171
0.963458	614.298357	285.953550	173.877765	4.810919	2.000000	0.215358	2.000000	75.286956
0.838223	754.058583	322.387548	149.622608	6.292063	4.000000	0.396854	0.000000	83.935573
0.702311	538.053765	413.925726	197.077287	4.785868	5.000000	0.343012	4.000000	85.948965
0.861812	777.576097	377.400140	137.922903	3.804560	2.000000	0.038947	1.000000	69.356571
0.842526	675.492159	249.659213	172.439162	5.448747	3.000000	0.282549	4.000000	76.867997
0.748939	754.785544	256.182587	149.783275	6.457923	3.000000	0.138232	5.000000	74.726758
0.660881	647.481576	324.564231	182.643576	6.285742	3.000000	0.002793	2.000000	72.383084
0.861766	703.711842	400.931265	136.753980	4.112931	2.000000	0.161392	0.000000	77.542493
0.807311	669.262382	337.387358	131.373122	5.854676	3.000000	0.093902	3.000000	74.403445
0.898035	729.587319	330.374845	211.485859	4.271765	5.000000	0.327548	4.000000	83.908502
0.807259	538.499215	263.088740	121.473856	4.263726	3.000000	0.134932	3.000000	69.405051
0.926785	532.243513	357.637788	166.031859	6.559251	3.000000	0.331009	5.000000	85.356567
0.818686	587.148351	385.990692	134.599019	4.373841	5.000000	0.000239	0.000000	75.402627
0.821938	561.406136	310.242031	114.542028	4.421366	3.000000	0.123128	4.000000	72.995030
0.935595	770.804369	378.017432	114.221075	3.502287	5.000000	0.096466	5.000000	79.864488
0.765254	578.948912	410.407746	129.568200	6.547342	3.000000	0.093427	3.000000	79.918555
0.668245	801.404385	279.945948	205.811432	6.274082	5.000000	0.027275	3.000000	73.288728
0.630362	613.547363	334.751032	141.393282	5.695651	3.000000	0.074850	4.000000	70.318089
0.891849	568.042667	294.244160	215.038124	6.125930	5.000000	0.222220	0.000000	79.488297
0.843311	746.671361	380.974533	174.373858	4.032170	2.000000	0.116544	3.000000	77.347030
0.873469	708.160086	344.057262	158.386714	5.104133	5.000000	0.166958	2.000000	80.705816
0.696667	660.969541	353.830885	174.204794	4.729268	3.000000	0.150747	5.000000	74.600453
0.669094	677.776884	381.842278	167.215997	3.828218	3.000000	0.350362	4.000000	80.510726
0.625236	725.945323	312.908936	193.905082	5.201457	4.000000	0.362120	1.000000	77.895734
0.746212	581.665694	401.937947	141.395191	6.722589	5.000000	0.197183	1.000000	81.153814
0.832370	807.422171	336.414451	149.173806	3.640207	2.000000	0.132062	0.000000	72.616484
0.761208	801.089190	272.089252	208.823897	4.520113	5.000000	0.042720	2.000000	70.098164
0.777491	705.695752	364.346699	214.596831	4.226393	5.000000	0.381361	3.000000	81.228416
0.945497	573.165481	381.044322	208.654545	4.333513	2.000000	0.024091	1.000000	74.625991
0.745372	714.487103	299.324628	156.494141	6.679521	5.000000	0.119060	0.000000	75.169142
0.805036	535.726332	392.006243	196.285297	5.138242	2.000000	0.119226	5.000000	77.232842
0.902115	523.511836	400.403568	162.766015	5.132048	2.000000	0.128161	2.000000	76.087562
0.762755	590.258769	292.489120	165.103769	6.162015	5.000000	0.065715	2.000000	76.468989
0.843951	650.511149	413.673933	132.815982	4.040723	5.000000	0.313265	0.000000	81.314226
0.930451	769.772117	269.132027	175.422116	5.205429	3.000000	0.048999	0.000000	72.043621
0.961827	728.287707	279.645687	130.771483	5.004948	3.000000	0.253963	3.000000	79.731869
0.672946	732.855717	276.594560	146.805008	5.589187	4.000000	0.049538	0.000000	66.216921
0.953572	639.595040	398.319235	204.517080	6.998452	4.000000	0.028214	3.000000	81.774845
0.797162	616.204888	357.211173	133.080108	6.193071	5.000000	0.363772	3.000000	86.369790
0.712968	623.585396	271.085885	118.095201	4.892530	2.000000	0.076052	4.000000	66.207864
0.785289	804.868972	320.515466	117.858087	6.396436	4.000000	0.328500	2.000000	81.339785
0.972812	526.292102	350.523611	213.971493	4.097479	5.000000	0.217852	5.000000	83.872780
0.797343	769.407260	259.314091	166.137978	3.606623	4.000000	0.031143	2.000000	66.297355
0.738351	684.630570	396.334407	155.387681	4.215569	2.000000	0.382179	2.000000	79.974387
0.848024	643.452933	382.818006	199.649364	4.691440	5.000000	0.098784	4.000000	78.589135
0.706452	727.725752	331.642962	202.399809	5.287033	2.000000	0.343858	3.000000	80.313843
0.647311	657.580669	410.862215	146.874061	5.652952	5.000000	0.067524	3.000000	80.160771
0.666397	771.286432	316.646008	186.721391	6.687120	4.000000	0.341577	0.000000	77.799116
0.666097	779.306348	413.774920	195.266290	5.284489	3.000000	0.005292	4.000000	76.635647
0.674685	638.485953	359.548280	182.425238	5.254465	4.000000	0.204712	0.000000	77.844389
0.669978	595.887372	353.846123	126.963357	3.675851	4.000000	0.307777	4.000000	74.793174
0.850715	688.650997	273.461265	206.816110	3.622190	3.000000	0.373918	0.000000	74.040445
0.685477	782.734824	396.250611	169.685174	5.429060	3.000000	0.363681	1.000000	84.035187
0.744440	576.434684	318.314481	141.392585	5.033625	5.000000	0.327850	2.000000	80.663533
0.942844	697.652176	272.823029	157.131407	6.437131	5.000000	0.355277	2.000000	87.154399
0.790626	700.178705	247.162190	114.392213	4.062379	2.000000	0.079688	5.000000	67.809037
0.860321	730.035229	340.998100	124.347315	3.587401	2.000000	0.113674	3.000000	72.756091
0.682035	553.180899	335.449035	194.651529	5.071636	4.000000	0.115587	5.000000	72.572926
0.689224	724.952540	368.369146	110.251283	4.331175	3.000000	0.150822	1.000000	74.320868
0.634713	781.755561	397.679256	156.176383	3.673650	2.000000	0.157328	5.000000	75.919721
0.680817	567.326834	258.618229	167.856747	6.036094	4.000000	0.217822	2.000000	70.819272
0.720293	584.337738	370.451648	116.273445	3.890575	3.000000	0.063952	3.000000	70.706187
0.683724	800.090158	277.141148	217.531867	5.629118	5.000000	0.276499	1.000000	79.859423
0.651933	567.707224	392.177365	135.180318	4.483674	4.000000	0.067027	2.000000	73.435446
0.663429	765.689217	385.469393	143.787909	4.107236	5.000000	0.124123	0.000000	74.242276
0.785880	659.229690	337.746129	143.759662	4.829130	2.000000	0.201338	4.000000	74.048981
0.694280	587.185936	366.806640	135.653437	6.305060	2.000000	0.318576	1.000000	77.881157
0.751137	770.500471	298.911044	110.412489	4.872328	3.000000	0.295788	3.000000	74.506397
0.801230	645.419745	325.805295	190.660264	6.127694	4.000000	0.258214	5.000000	82.690882
0.868542	665.856302	385.910728	216.844716	3.939202	5.000000	0.062309	5.000000	79.104202
0.634152	620.114611	323.763981	134.978357	6.204700	3.000000	0.218818	1.000000	78.441886
0.907788	688.827550	306.362403	183.350953	4.329267	2.000000	0.034979	3.000000	73.851522
0.846044	562.576019	329.757435	192.044070	5.870876	2.000000	0.150945	1.000000	77.829876
0.649433	629.477972	387.044747	203.788898	5.480235	4.000000	0.165407	3.000000	79.249801
0.934488	799.507223	302.488180	156.844869	6.752007	5.000000	0.015925	5.000000	80.613637
0.951514	590.391229	274.800113	143.648132	4.855629	4.000000	0.109595	2.000000	73.447521
0.641988	707.580579	367.110404	146.113789	3.731578	5.000000	0.382260	0.000000	77.845275
0.719676	610.105879	386.655263	188.816502	3.567044	5.000000	0.381453	2.000000	81.650552
0.910232	741.901099	262.259328	200.299936	6.394005	4.000000	0.140931	0.000000	78.832245
0.889373	552.976856	286.138410	130.272940	5.336575	3.000000	0.017240	5.000000	71.835185
0.686428	799.627387	269.348196	151.146246	6.213354	4.000000	0.071638	2.000000	71.851621
0.695366	647.914125	304.671952	209.688907	4.320490	4.000000	0.156887	2.000000	71.188758
0.753370	583.898836	322.235193	199.187961	4.707793	2.000000	0.379112	1.000000	74.609992
0.794428	536.108044	373.423717	218.830639	3.605364	2.000000	0.056480	4.000000	74.486921
0.842572	564.408824	356.671811	193.405871	6.865223	4.000000	0.305406	5.000000	91.473894
0.752809	667.313541	351.489249	153.599771	5.837538	4.000000	0.043473	3.000000	78.036346
0.786512	613.578934	305.432303	175.367821	6.766218	2.000000	0.392503	5.000000	80.971891
0.889090	758.191710	389.308255	183.126822	4.429237	5.000000	0.152647	3.000000	84.240330
0.633206	641.180932	325.825749	118.899754	5.640123	4.000000	0.310094	3.000000	79.325354
0.710877	587.621996	412.916497	170.280790	5.874750	3.000000	0.137036	0.000000	76.513742
0.876806	695.940626	353.755377	188.452621	4.611424	3.000000	0.251068	3.000000	81.929736
0.942274	722.292502	266.654403	128.697174	6.468382	3.000000	0.076806	3.000000	75.419397
0.804204	563.610321	360.964452	196.314647	6.815065	4.000000	0.058408	1.000000	81.342895
0.811561	563.780050	300.755339	174.610949	6.596993	5.000000	0.375226	2.000000	84.704373
0.658582	525.281400	362.705114	215.232452	6.086734	5.000000	0.367059	5.000000	82.879988
0.781068	731.002192	256.943457	114.927058	4.471126	2.000000	0.354988	5.000000	76.733663
0.811742	709.658531	274.992166	139.502207	4.485656	4.000000	0.250173	3.000000	77.714290
0.707289	654.041477	391.758940	176.571315	6.871761	5.000000	0.323307	4.000000	88.028043
0.716928	762.686112	283.961294	142.945730	3.535996	4.000000	0.027615	5.000000	69.243636
0.755822	751.367025	388.552553	189.015264	6.006175	2.000000	0.133916	3.000000	79.558783
0.627226	686.594183	292.895849	193.930332	5.971862	2.000000	0.125481	0.000000	67.746047
0.735948	769.771756	355.254248	121.552385	5.679413	2.000000	0.254258	0.000000	77.022260
0.696121	575.017316	364.046823	166.902455	6.965381	3.000000	0.142383	0.000000	77.749408
0.737899	547.404368	332.920290	166.355184	4.591578	4.000000	0.059403	3.000000	71.117313
0.663114	593.806386	297.360781	150.963205	4.689902	2.000000	0.238587	1.000000	71.533659
0.940590	531.283536	281.468511	213.104966	3.776288	4.000000	0.325754	4.000000	78.372209
0.833693	670.663841	250.691974	201.482572	5.049793	3.000000	0.152849	3.000000	72.712394
0.864477	789.862074	297.126808	187.117334	4.413670	3.000000	0.052907	1.000000	74.099111
0.904102	526.067001	357.017419	189.004512	4.701853	2.000000	0.078675	1.000000	74.287958
0.799439	550.400315	405.919276	161.154205	6.421001	2.000000	0.094993	5.000000	78.905227
0.651291	647.446514	394.411569	211.789646	6.774196	5.000000	0.119959	3.000000	83.571641
0.813358	789.059255	376.380109	186.829146	4.150066	4.000000	0.257118	3.000000	80.563959
0.831263	607.449895	380.218719	190.620162	4.803781	2.000000	0.240378	1.000000	77.186214
0.888358	663.627034	359.044911	205.251422	6.750207	5.000000	0.278432	1.000000	81.763023
0.775397	526.722421	289.639196	140.466393	3.716330	4.000000	0.145001	1.000000	67.516203
0.665929	558.112901	400.583948	199.229567	3.823262	2.000000	0.329599	5.000000	80.917429
0.722159	804.569256	360.030591	131.775276	4.069768	5.000000	0.081635	3.000000	70.661742
0.750710	798.244897	341.115568	148.323950	5.583245	5.000000	0.187616	1.000000	77.471956
0.852530	515.952354	264.034694	147.251053	4.026653	4.000000	0.320375	0.000000	74.297714
0.825480	794.332665	321.670026	218.132433	6.888267	5.000000	0.072063	3.000000	77.487468
0.748195	702.401262	323.951444	204.683229	5.063501	4.000000	0.043945	5.000000	73.983381
0.975145	769.667979	393.272659	187.553977	5.255313	4.000000	0.353474	0.000000	91.243494
0.838079	648.193518	338.750170	190.408008	4.363305	4.000000	0.137172	2.000000	80.231141
0.705402	666.085232	310.238694	172.218526	5.148361	3.000000	0.273548	3.000000	76.941107
0.656642	658.220895	412.521256	214.666746	5.816698	5.000000	0.010139	2.000000	75.668388
0.675029	710.558092	263.988582	164.962528	6.129120	4.000000	0.276019	1.000000	73.843298
0.708545	555.557469	317.467055	152.202078	6.138538	2.000000	0.126441	5.000000	73.871770
0.677845	523.312235	252.207232	128.224646	5.522619	3.000000	0.022296	1.000000	64.629456
0.687164	605.031403	371.893557	196.929173	6.665259	3.000000	0.243925	5.000000	85.971361
0.722634	721.676144	402.450129	191.222444	6.360927	5.000000	0.096322	4.000000	84.687905
0.682414	573.844915	293.026402	152.625143	6.149668	4.000000	0.154723	1.000000	72.926184
0.942836	712.489135	392.205598	113.027574	3.694619	5.000000	0.032232	2.000000	76.377066
0.648884	799.654142	295.115427	202.749455	3.524073	3.000000	0.058865	5.000000	74.834186
0.808824	542.106810	401.197083	111.508833	4.243565	4.000000	0.119191	1.000000	76.107674
0.767743	712.245023	374.304466	187.832901	5.822333	2.000000	0.035904	3.000000	74.653945
0.973656	644.962564	383.041512	217.220846	4.939191	4.000000	0.364331	5.000000	89.456643
0.660334	769.733823	248.088124	158.502161	4.908422	3.000000	0.002419	5.000000	65.100873
0.763228	566.582038	410.121976	136.155818	6.596054	2.000000	0.193544	1.000000	74.881207
0.969009	718.132030	369.624075	187.962029	6.634470	4.000000	0.049299	4.000000	84.928668
0.931583	760.905895	297.264813	200.338378	6.682113	2.000000	0.123072	1.000000	82.616645
0.914146	792.216581	387.241185	170.493942	4.598573	2.000000	0.370424	2.000000	82.173651
0.712845	715.374920	293.280886	216.865639	5.918695	3.000000	0.064678	2.000000	72.976868
0.681520	660.669381	394.677283	115.946477	4.450716	2.000000	0.386333	5.000000	78.935824
0.860712	696.147089	264.307537	165.903715	4.167134	5.000000	0.082318	5.000000	74.644371
0.954575	769.958065	365.682145	189.459548	4.146214	3.000000	0.296626	1.000000	82.727814
0.820435	682.259266	337.729789	205.356112	4.697377	5.000000	0.218671	2.000000	77.366314
0.825781	523.433796	261.555662	130.012931	5.004852	2.000000	0.353791	2.000000	72.320274
0.720792	788.198916	286.484792	198.450384	6.408322	5.000000	0.221597	4.000000	79.287062
0.897017	717.220865	247.127292	171.185955	3.919619	4.000000	0.213824	3.000000	77.266108
0.687336	713.394935	325.393706	153.970043	6.072240	2.000000	0.078183	4.000000	75.915330
0.736525	577.908495	296.666992	124.771582	5.360092	4.000000	0.066492	0.000000	68.598139
0.773157	708.212328	347.618309	205.648857	4.507809	5.000000	0.366596	4.000000	86.675274
0.802740	630.296135	295.976284	127.589371	5.224869	4.000000	0.131135	1.000000	72.590109
0.707268	705.962495	296.436128	144.404111	4.549797	2.000000	0.148833	3.000000	69.581955
0.661341	545.838351	372.457634	142.227520	5.586287	4.000000	0.303929	1.000000	78.537687
0.839823	707.906520	253.256496	206.323397	5.018454	5.000000	0.135529	0.000000	74.659615
0.723907	808.327635	399.846492	184.415505	4.075419	5.000000	0.380825	3.000000	84.302625
0.829246	528.674339	391.163254	198.084124	3.908041	5.000000	0.295171	5.000000	83.130594
0.675571	801.789210	359.528503	137.864086	5.413435	2.000000	0.238972	2.000000	78.638818
0.793210	634.130940	346.737499	179.142369	6.658446	5.000000	0.352358	4.000000	87.510163
0.811732	770.501514	398.029878	173.284995	4.703852	2.000000	0.019842	1.000000	74.796182
0.638656	744.521332	276.784126	202.069549	6.065500	4.000000	0.102825	0.000000	72.788928
0.741178	681.202781	258.543211	210.146098	5.805315	5.000000	0.186015	2.000000	77.360066
0.668389	731.604068	286.075994	111.590284	6.760442	4.000000	0.090791	4.000000	73.884870
0.642815	772.783575	381.270175	184.560696	6.373434	3.000000	0.297562	2.000000	81.576415
0.976386	633.317255	250.945951	115.964897	5.483118	4.000000	0.367683	4.000000	82.264205
0.736047	610.647749	344.951372	170.761668	5.799607	3.000000	0.169508	5.000000	74.639214
0.911555	710.772455	415.717534	141.961508	6.644353	4.000000	0.136853	3.000000	85.753315
0.711671	752.006707	391.751880	144.072120	4.898316	2.000000	0.384620	2.000000	76.691535
0.865341	738.611830	334.427936	149.163675	4.643781	4.000000	0.177941	2.000000	74.782112
0.893682	749.057213	255.914416	178.747493	3.537839	2.000000	0.195619	2.000000	68.048673
0.834430	642.561495	387.580558	147.079009	6.392929	2.000000	0.140660	3.000000	82.331882
0.789767	754.943260	347.724814	191.030070	6.303432	5.000000	0.363819	0.000000	86.281937
0.768263	549.841462	264.711009	154.849144	3.865591	2.000000	0.227582	4.000000	67.092841
0.745593	674.579795	261.096524	117.785940	5.519001	3.000000	0.304870	5.000000	77.210074
0.954630	516.193046	401.001000	196.659523	5.123936	5.000000	0.324723	2.000000	89.581029
0.919023	609.928234	359.767845	141.754855	3.915482	5.000000	0.136740	3.000000	79.069657
0.967410	622.239691	387.222686	157.962548	6.931989	4.000000	0.173478	0.000000	84.914477
0.664747	630.974771	395.744881	185.820188	4.251436	2.000000	0.339389	4.000000	79.560898
0.883112	718.967359	343.058958	146.903291	3.735320	2.000000	0.145302	3.000000	76.349119
0.957803	628.736082	333.742049	116.488569	5.581966	3.000000	0.317574	5.000000	83.125077
0.685244	646.415925	318.818301	151.474795	6.086033	4.000000	0.376397	5.000000	82.281172
0.643939	584.337974	299.356340	214.375456	3.613552	4.000000	0.249284	4.000000	71.922301
0.886803	624.236027	319.533207	181.001217	5.805512	5.000000	0.296651	2.000000	80.375578
0.826810	581.317270	377.720361	184.280576	5.363022	5.000000	0.322039	5.000000	88.031161
0.923058	536.019602	348.229868	179.959107	3.861428	5.000000	0.338016	0.000000	85.119834
0.670318	691.913886	398.067744	132.188883	4.103834	3.000000	0.158021	3.000000	72.783276
0.906296	710.954563	321.039672	156.371309	5.487910	3.000000	0.020505	0.000000	75.828695
0.692586	696.630162	349.115863	193.041113	4.537252	5.000000	0.160751	2.000000	74.543912
0.678916	650.767249	353.269245	121.426362	6.784105	4.000000	0.269502	0.000000	79.749333
0.679136	626.157019	346.476063	140.883269	6.365591	3.000000	0.180140	0.000000	78.236462
0.913247	768.320093	365.501692	140.714182	6.942485	4.000000	0.299585	1.000000	86.871231
0.859471	667.110045	285.719840	157.880087	4.408848	4.000000	0.142793	0.000000	72.662262
0.808304	655.379472	332.870388	218.335654	6.894033	2.000000	0.253898	4.000000	79.262599
0.749179	522.038767	262.874554	117.692156	5.009319	5.000000	0.074568	3.000000	67.755964
0.935792	614.826861	310.943693	167.436785	4.716316	2.000000	0.299748	1.000000	74.373814
0.761280	626.277512	328.634902	130.024956	3.676223	5.000000	0.218278	3.000000	75.688387
0.913976	631.753898	356.856461	217.267089	3.684678	5.000000	0.081626	3.000000	79.358496
0.778089	685.070677	408.016076	122.741711	5.922039	4.000000	0.116764	2.000000	79.588037
0.755700	671.379149	348.011658	154.747011	5.102751	5.000000	0.299443	2.000000	81.586678
0.786565	693.224097	372.526357	191.601820	4.292826	4.000000	0.193040	1.000000	77.382092
0.728496	739.375679	331.824629	187.927126	5.648896	4.000000	0.086413	5.000000	78.752649
0.889139	753.517807	353.748841	156.855832	4.385003	5.000000	0.386908	2.000000	85.844167
0.800979	725.628184	257.164875	148.454290	5.521711	4.000000	0.286050	2.000000	73.326544
0.703597	795.423967	288.628156	154.086765	4.757231	4.000000	0.382854	2.000000	80.505085
0.943847	519.860379	307.057805	139.386458	6.382433	4.000000	0.170842	3.000000	78.972991
0.758201	572.058728	326.032610	132.887956	6.372437	3.000000	0.190040	1.000000	73.299111
0.815679	516.723485	252.828760	163.505127	5.170726	4.000000	0.359182	3.000000	76.335493
0.946330	704.857566	269.014133	139.855847	4.727867	3.000000	0.210020	4.000000	73.125086
0.844726	778.520981	292.473654	141.942649	4.768959	3.000000	0.282912	3.000000	75.753188
0.662083	586.083795	411.617856	182.657356	6.320001	4.000000	0.100869	4.000000	79.784173
0.958340	787.048156	301.826012	217.031241	4.648628	4.000000	0.178691	0.000000	79.687143
0.845975	532.218613	327.670041	176.801001	4.231708	3.000000	0.049380	0.000000	70.471998
0.740566	789.224192	278.630758	118.736986	3.796409	3.000000	0.082392	4.000000	68.668878
0.670138	617.877070	349.748782	118.583093	5.133426	4.000000	0.000377	4.000000	69.331186
0.905849	544.317724	293.137171	215.144410	5.187462	4.000000	0.015706	3.000000	73.678562
0.843226	657.346297	280.499227	143.026310	6.443180	5.000000	0.390914	4.000000	84.108259
0.812046	589.992311	333.592206	120.400385	4.274335	3.000000	0.096941	1.000000	67.449106
0.941801	598.252633	245.944245	176.294666	4.833469	3.000000	0.265324	0.000000	73.396875
0.903895	604.843250	246.314382	179.007278	6.329420	5.000000	0.335640	0.000000	82.851117
0.674603	750.589614	282.570301	181.747656	6.382683	3.000000	0.220264	5.000000	80.709982
0.732220	673.013415	251.297714	139.731074	4.846139	2.000000	0.061258	4.000000	68.260313
0.709456	606.024464	263.526417	111.915953	5.106934	3.000000	0.291247	2.000000	75.246434
0.887821	693.938132	303.114601	216.642944	4.561501	5.000000	0.240101	2.000000	80.480676
0.632072	725.048298	382.643444	137.910958	6.763942	2.000000	0.292500	4.000000	85.107450
0.825160	594.651456	343.106342	184.781898	3.915253	4.000000	0.307899	1.000000	82.437625
0.894485	636.083436	332.922515	188.155943	6.768123	5.000000	0.390164	2.000000	85.483192
0.935636	550.334511	295.333333	177.503318	5.893533	5.000000	0.229425	5.000000	82.998475
