# CONCRETE_STRENGTH Dataset
# Problem type: Regression
# Target variable: strength
# Number of samples: 1030
# Number of features: 8
#
# Variables: cement, blast_furnace_slag, fly_ash, water, superplasticizer, coarse_aggregate, fine_aggregate, age, strength
#
407.053503	136.338458	16.265269	146.670873	29.503728	1102.463352	616.962703	283.375973	60.681998
227.329029	69.306643	148.002085	177.581385	16.178324	948.356827	950.165121	108.506617	42.566225
201.360937	16.201719	62.792890	236.926856	31.775376	810.138957	841.034941	7.525441	23.733886
343.475869	61.377829	44.224082	203.132242	8.668562	1031.003674	978.078019	274.194496	36.669632
417.127409	116.339121	51.762389	209.373983	19.297858	1100.727947	885.198656	109.587757	49.319112
287.320630	206.165922	179.259358	242.242739	30.939844	1029.107292	907.727887	100.417457	49.692463
531.574719	238.946241	121.021372	195.201919	24.151001	1061.287717	808.376057	139.469621	70.772600
401.955426	15.371994	129.942629	230.687727	22.140740	1116.688860	978.011589	169.410171	46.553132
312.648173	336.088657	43.424739	246.045782	23.771734	937.423862	874.164565	293.912681	46.852399
273.747473	84.594166	71.992620	206.208928	10.570704	1102.457573	760.873675	59.017334	30.299064
252.311971	53.513261	162.096604	207.282219	9.302927	1058.721607	621.461342	194.922045	27.149632
421.323772	190.567767	68.035046	143.809685	4.629581	860.928888	983.198205	4.514732	63.119310
294.094643	243.253309	162.530132	179.346880	19.307668	850.965146	944.962229	23.632682	60.732801
128.138919	110.303751	39.996963	213.966674	29.516989	798.889800	847.356797	238.849892	19.736421
276.343384	240.329398	146.475121	164.165020	24.478342	999.009076	813.657340	338.704343	65.019069
425.241988	105.651493	23.362197	135.720895	31.553489	1094.628159	836.531170	23.025243	67.144233
181.931378	323.879576	164.477074	123.636373	31.738187	744.627622	942.304488	99.538705	64.829160
178.847869	316.169411	134.542403	205.259825	13.890210	961.024609	961.757103	33.543125	40.544120
334.819502	25.558781	191.463560	125.192683	16.537031	1013.420249	709.882479	17.162267	58.892732
334.940483	53.994505	5.904424	182.519526	26.369566	1064.251126	714.923104	216.357570	40.531599
379.867620	250.603068	26.371413	232.221448	24.497933	951.586114	613.405838	321.703320	41.027244
474.051126	0.043116	5.454924	224.823438	24.797708	996.511480	988.161500	44.962069	48.595393
419.311432	295.031088	3.350054	211.641929	17.842288	936.738720	978.176071	214.556651	49.686701
369.628298	127.890093	169.210554	229.328614	18.780379	791.881052	906.922471	64.878336	47.520334
418.430202	267.318542	126.285014	215.302814	26.990113	737.826350	770.459726	149.539545	58.638422
243.456004	15.881157	128.752790	123.288951	30.196028	819.842047	820.818632	107.198539	52.462207
260.463431	75.125930	75.225536	180.373821	24.872592	1063.589266	902.111335	60.993065	35.329144
201.979295	25.419059	10.659585	122.849503	24.686939	761.022695	682.185085	122.343031	33.230454
230.646752	64.556742	86.237442	190.938816	5.068079	739.341768	680.982296	261.512596	19.502325
378.367542	138.007222	31.473420	150.757501	27.382717	805.032386	817.597193	65.284313	50.865739
142.341964	176.467100	186.919048	176.579558	30.244759	834.609517	863.744163	151.951990	45.133338
291.961114	328.876798	175.708998	146.706512	8.720525	883.775811	797.402716	217.055717	60.075331
290.717890	225.155473	60.183836	224.226937	6.126846	1072.022659	714.079163	351.248277	33.211452
318.234073	253.626253	3.465513	144.224368	5.277322	980.784154	748.830836	84.499442	44.475470
288.513667	29.477733	4.185130	162.122326	0.720977	1035.958611	827.750531	214.397520	27.751384
238.770416	102.956565	105.767760	122.912162	13.008101	1097.176476	617.657345	12.452260	46.426405
288.741872	356.031757	164.630967	160.007566	5.728561	1043.357991	982.701454	92.125681	63.243623
493.304453	201.191606	68.464507	124.305688	4.072050	822.373183	980.670521	188.268879	69.168398
515.542088	282.826459	131.489023	177.698310	23.333932	947.663550	929.514277	184.380810	83.459993
321.804464	11.661205	171.596523	124.396768	24.384579	906.039998	739.750160	364.581894	58.722695
375.291393	30.183361	127.244562	169.909162	22.449416	1067.247736	859.726742	71.716805	53.512152
152.640857	39.214718	1.225933	197.424289	21.307610	817.234568	849.909988	230.963096	15.116003
240.971041	5.487618	110.228138	235.662437	16.562566	973.927695	756.697682	24.037812	15.532409
283.693881	330.990450	34.969911	190.761216	1.961422	725.260368	944.638669	321.583550	35.635966
481.443411	91.055068	160.012770	185.901482	31.297192	849.760532	814.007546	33.259907	65.116030
211.699450	357.768318	82.474485	126.948601	31.548392	913.379853	609.036079	173.645824	57.762428
313.569008	264.988616	87.839908	168.156167	28.308682	798.245103	712.627323	270.179095	51.006714
533.675186	89.969274	60.781868	170.593146	24.387106	1001.868878	890.003406	197.629246	70.177337
329.534482	356.057864	45.911078	161.782050	24.510937	868.868903	934.056019	109.099572	65.272949
370.447802	311.803655	31.990894	233.042018	19.072577	790.170204	837.625565	309.235248	45.852490
154.835356	59.234284	81.535143	170.865207	3.596348	1087.618860	855.893081	286.147010	17.244131
463.937271	66.530566	107.516523	147.577079	26.300780	795.636929	906.030737	327.466180	64.449013
366.140336	244.186825	180.187908	219.912072	21.674968	959.759753	762.436889	214.856879	53.633991
340.739787	28.102608	80.389252	223.378162	2.501721	920.164854	649.137716	163.388964	20.895564
252.130559	209.844426	64.350654	164.521605	19.429555	902.135989	711.008020	295.896490	36.958198
235.204906	23.910450	163.634960	224.492674	5.992096	811.434005	789.425950	249.819945	18.343598
284.655728	79.445841	139.238371	209.913758	17.814293	1066.412773	876.430653	93.661893	37.147078
400.409735	340.489943	22.956841	134.860823	7.985980	988.928734	741.110909	125.643585	59.825298
485.450097	178.987218	141.466521	167.385441	20.428817	1059.314462	688.109062	214.674994	64.026151
325.564984	205.962956	190.240418	228.361947	24.837028	1025.166666	761.641908	16.217031	46.218897
395.159437	96.816297	99.441703	167.991121	1.589367	1042.032699	914.840519	46.769451	46.992464
358.640210	157.982131	98.117149	229.999863	2.349593	791.956279	843.399575	159.985317	29.634819
375.707734	47.747864	144.714957	177.127676	31.930037	974.071178	783.766320	93.018262	57.404162
397.513804	185.465255	39.971400	192.142259	21.870995	1052.344042	702.176293	296.674137	48.443166
470.945988	19.370130	73.400802	170.062980	9.890569	925.209389	698.438091	168.194792	48.915760
138.439405	17.321523	63.384251	198.284680	7.612343	978.537913	690.446337	291.258992	3.430303
436.493085	243.993539	199.176647	187.027159	13.401722	826.906500	830.280553	106.305833	65.765268
208.725872	19.738398	32.323642	227.155153	30.266820	907.375441	642.944022	25.798858	11.661475
187.069657	187.140901	34.790883	242.887332	22.062824	1074.446923	915.245146	350.188911	24.580887
352.736147	95.503511	92.181359	157.438475	31.798598	799.626600	785.096867	122.709931	58.935180
143.922082	67.382126	54.862380	140.438419	17.612721	1018.833745	976.270430	229.591423	30.530246
489.773150	205.821482	174.135469	162.269168	13.520722	985.751641	690.749870	154.040500	71.325292
376.735050	106.430324	87.295243	210.771588	6.562269	740.849408	863.457103	270.177460	37.697074
418.856365	163.841273	136.979405	147.553962	17.225434	998.378839	744.091972	233.282792	64.507822
109.064593	49.891608	163.640568	161.562878	20.605642	907.294860	984.510338	221.417524	34.099970
362.361163	45.408362	54.409193	238.806654	16.487508	787.507649	844.710043	68.420480	26.088008
345.871914	38.243888	146.547513	215.924584	4.289284	894.733409	867.609007	253.891274	38.708812
171.624324	25.690080	79.819434	241.145408	5.377333	763.356904	650.307355	228.166724	0.181486
169.044886	198.783225	50.903883	131.923695	25.230617	1122.071941	738.490585	151.291249	42.727396
406.641934	271.405971	178.021763	182.411065	6.845307	1133.883041	878.373488	120.958396	67.054916
241.619695	284.459707	113.006955	234.982801	3.370021	894.138175	726.049847	305.716162	27.904583
405.082989	343.866286	99.266325	176.370348	5.239810	799.746392	902.811938	63.941545	54.552066
344.819863	60.452857	36.120600	207.856314	28.759186	1056.120381	885.390828	249.653363	45.260880
272.360351	48.687204	180.328124	142.452809	19.950412	846.144043	632.050650	121.434844	46.486078
507.208030	168.713766	127.568391	152.091523	24.703056	863.830783	642.736365	134.731796	67.816302
470.651459	309.101702	189.524732	174.361114	7.334622	883.018374	643.727105	158.147897	67.908014
258.540134	275.377869	8.865472	160.539524	20.129847	1020.757127	606.884728	329.113846	38.227988
121.093061	200.385941	23.324934	202.128420	6.200841	975.595787	724.240549	7.104991	12.395927
235.488416	56.285192	175.470812	225.130241	16.662184	1141.198001	864.230731	20.243891	35.162870
276.405329	140.463262	90.352833	166.119790	2.342653	1075.046014	792.503365	238.660568	36.998367
410.771968	258.245134	93.395604	217.165734	16.545310	1133.935090	647.552491	16.649938	49.061874
537.967015	134.055154	44.656228	156.300325	7.321309	1045.811774	814.133949	254.099570	60.862126
257.890711	14.043847	97.685514	171.788867	7.079452	892.646972	953.450352	226.161718	33.289782
435.995942	209.614342	87.704601	125.481350	15.884575	1110.628183	609.742736	273.332206	67.372017
361.811489	258.528314	144.171448	139.221577	18.322511	883.885739	761.708901	2.998001	62.180431
404.965388	256.602965	127.096888	135.166765	22.460600	751.889605	662.435304	126.297827	71.180206
168.193824	59.186836	159.797041	193.693567	9.736916	804.722100	608.244519	125.865066	17.058697
276.707816	120.620981	156.620321	200.083938	9.226213	1135.723514	611.480944	5.369003	36.341118
207.494883	146.892853	84.303531	127.978089	2.689668	787.297809	805.474303	67.991505	33.403165
252.433734	150.952827	60.296824	191.382787	10.160871	880.724878	802.202427	174.358830	27.667197
326.750132	40.982898	65.358668	215.897197	11.073318	1070.811617	706.798239	65.708276	28.087991
393.981553	138.405820	197.988136	184.519879	15.788862	927.981055	860.045556	68.818267	66.210950
148.387916	181.880955	81.846422	179.171612	13.316674	993.893788	703.899494	222.768361	27.167925
159.331988	255.091281	151.093281	200.919915	22.329813	1089.579170	723.554392	105.321955	35.269197
243.027506	204.431720	16.548418	169.194594	14.489068	755.012700	594.774134	133.968487	31.629141
391.765179	145.370071	85.913006	197.551944	26.899589	916.497593	641.751449	134.147657	48.910493
472.769727	333.007453	65.774351	237.498218	16.985003	849.329183	756.973665	87.699200	58.681984
344.326717	214.712000	32.042650	228.716355	18.807049	985.047969	779.277726	121.029231	32.814718
476.250190	349.949927	4.774707	213.955491	22.309238	924.481317	670.000490	82.213774	61.965792
270.558961	311.388112	50.389720	231.066219	21.605689	857.292522	905.824370	154.872283	40.500711
240.753099	241.831770	158.664330	158.768255	29.892238	796.487345	810.299226	77.995168	53.930983
257.167928	322.853545	59.498347	215.557440	23.696359	771.287173	871.191598	46.326312	37.378631
176.933841	355.855044	174.603505	157.735954	30.572472	1032.810328	721.350551	282.388854	61.401389
465.151334	79.294939	115.769538	186.059880	10.943618	1069.454943	821.843454	324.277981	54.262542
250.337831	248.089291	160.947138	182.461122	31.134027	1050.637336	673.676034	328.671734	50.449309
343.938093	329.841761	199.872518	126.977103	19.166881	1002.097291	743.839389	86.665471	76.950927
355.405543	6.246657	128.112646	192.868265	9.916997	981.567135	824.032631	292.949105	40.941466
330.431480	287.016550	68.175922	184.617841	4.411091	886.568945	705.169428	161.137285	43.141364
103.177372	32.095659	62.004889	186.414512	16.560623	987.132993	683.868657	93.651177	8.396264
534.895294	329.042993	194.537529	125.012936	30.804506	759.347057	797.523060	66.765529	98.001465
498.539610	219.712801	142.913499	168.148621	26.928737	957.193897	843.179487	25.655246	79.216875
192.944507	58.182928	100.500591	174.319731	23.893881	961.811420	899.581653	183.151885	32.007128
230.110363	14.148250	42.815233	213.777678	1.742138	924.470803	901.992616	230.785252	12.442718
329.764447	297.187913	97.979116	213.544248	24.755234	1059.074278	667.506743	281.207402	49.831075
497.037181	50.077607	152.427984	169.088222	22.008281	869.467984	618.836522	274.248933	63.245957
532.830328	337.295353	194.943353	171.862247	26.801321	848.706291	838.648685	302.720419	84.738024
214.803424	32.620627	134.561964	210.559388	3.356378	754.478266	972.063530	84.124311	19.453785
349.189261	300.834276	4.927153	173.869007	12.605806	846.870948	962.292548	283.775458	47.971227
455.452284	152.048183	93.034828	197.429579	10.789116	867.353039	900.116028	67.002130	51.530837
274.734084	313.311990	165.535443	154.687586	24.710374	746.520737	682.635733	236.920501	63.761135
422.209990	275.918153	102.103491	127.782551	24.317280	1030.447871	685.179820	310.649516	76.766264
172.548228	306.184739	68.821483	208.479929	16.000600	722.838473	816.219663	1.923750	26.476595
365.105973	168.816911	172.220987	205.271115	11.638875	1104.162877	694.131125	361.774791	53.070289
481.248633	256.242826	115.518377	131.504112	3.307278	753.083215	852.999061	12.408144	74.747551
532.782465	114.401666	100.878250	124.078344	4.853666	810.595748	923.644602	235.265880	71.307242
136.762216	16.935203	97.257550	121.309107	0.334769	782.877177	709.609874	52.394889	18.315922
289.616106	83.431640	136.298811	137.366390	24.787432	986.939923	952.416562	364.280139	60.097470
191.589772	0.488828	91.056552	147.704594	29.454901	1140.694631	764.835444	33.398857	34.366927
299.378783	130.327108	113.423966	228.984089	1.066470	1072.466364	768.239014	358.886619	27.417727
341.920445	177.284552	57.703097	175.601477	25.446806	737.892609	858.418048	149.760761	49.128881
142.877099	6.967144	34.373073	203.174533	8.836632	756.653253	915.276905	67.353788	2.246336
232.025020	2.775004	164.010658	243.188126	16.475122	942.357861	879.065877	93.818967	27.585013
508.281897	246.440421	63.839512	176.694335	22.180800	1048.805278	807.327303	212.240239	68.020339
351.223634	36.056467	25.132918	221.668153	10.720066	1019.304038	926.239093	9.342174	21.881063
302.346455	26.510537	36.852406	169.649746	31.436562	930.958149	970.491151	320.824112	44.775783
432.044384	177.919745	82.532401	214.424991	31.539268	719.208054	964.451906	126.566123	53.974957
426.935623	257.819192	57.085377	154.274205	21.505399	1138.867314	714.913595	91.282392	71.129681
123.277616	350.802321	139.016546	232.866181	31.479165	1040.488888	747.370707	164.691436	34.076192
412.409459	106.047631	69.980175	127.576551	3.765682	975.300620	901.477502	55.450103	63.059970
469.588586	42.188953	117.170004	177.991666	0.386298	1019.003853	871.465185	327.202301	45.525142
174.680793	24.604634	33.422113	245.563460	27.245501	968.667491	870.499295	362.142373	20.159773
444.077097	74.496340	27.317028	139.110365	22.158585	1014.931611	908.986697	141.762751	61.691860
227.503038	35.919622	181.262147	133.760375	9.984571	852.148772	874.702756	23.105828	42.301831
236.233752	1.214986	172.917237	162.817712	16.787979	1062.039891	703.861640	361.644524	38.062557
393.384522	102.341455	179.546837	138.143337	12.748210	737.801376	818.923090	299.237875	64.296263
150.789771	58.950271	98.686189	206.398342	14.512215	919.164882	729.388978	225.927871	13.429804
393.214133	6.551715	14.087411	198.418481	18.238905	1126.713748	713.106502	309.783208	38.722889
490.881275	127.312882	62.037438	187.296178	16.530117	957.391930	717.686190	251.337543	53.608864
406.984335	296.503768	176.280399	243.257512	19.666686	804.955936	752.705207	237.482538	52.394248
294.863610	109.014484	84.500834	160.812016	10.634616	945.580459	762.262111	45.074731	39.044285
293.937900	254.925805	65.373475	176.949429	17.991456	816.739843	708.343187	302.899269	45.930864
437.112090	261.615846	59.099376	179.378007	27.619167	852.907287	850.142120	324.812911	62.689227
349.751197	9.174770	109.888695	209.839545	11.568395	708.054499	900.262056	247.135700	39.353527
139.188023	345.280852	90.455442	149.646936	8.992198	1095.247592	815.626657	12.005118	38.752648
357.209936	49.904372	74.977923	216.197229	15.643511	765.915023	856.943372	168.622459	40.641010
458.901542	257.569931	84.608712	144.349557	10.264915	1054.216964	679.872709	349.585474	63.712949
249.635076	136.220085	53.332940	244.107552	28.909749	1035.305907	867.956022	325.300917	36.981707
508.278542	311.691893	38.364566	241.006285	19.415975	716.461486	989.015166	312.908705	61.640149
430.814046	357.191009	40.369666	171.340239	23.727346	715.905949	733.911388	193.902244	69.080011
353.439955	69.402945	7.668882	231.861255	0.969802	857.766035	672.607908	60.436713	11.877980
431.220067	294.184567	189.120783	170.683171	3.137854	853.759970	710.006299	146.645531	60.951469
136.667245	181.475558	191.300796	189.191583	12.902245	935.969990	683.369721	283.667059	27.306846
478.412415	346.589752	20.577184	215.208728	13.350299	759.295235	822.172706	302.919415	54.894872
461.818802	236.253950	14.762601	216.584255	2.107827	942.682325	970.385114	344.881954	48.449869
500.523787	212.972407	83.253322	232.618634	25.423818	1048.235628	615.949270	178.145176	59.890911
158.340465	82.398918	152.788902	179.182747	18.041916	1039.053023	924.782431	240.419856	36.284221
137.819678	258.013323	165.207194	195.811762	15.978198	1066.049085	737.842450	55.092680	36.393619
162.626021	103.464262	4.277940	192.805944	21.615541	1008.826224	734.022048	229.415096	23.633725
276.927875	303.627342	56.660475	184.701593	22.168418	833.175312	742.398352	200.692407	45.274581
287.846405	350.837654	107.061249	208.528675	10.587698	1072.674545	836.091654	140.849983	45.130934
348.251650	2.797680	27.019125	153.707635	15.234442	977.059424	654.724186	37.992232	39.161964
155.542675	342.713276	193.997970	129.227497	18.597027	824.228375	959.590166	27.747362	60.950558
190.212982	128.687245	50.258963	186.356136	0.142113	868.817518	746.659594	162.453006	12.245215
457.500225	175.305329	106.274465	174.974143	4.522165	934.653878	879.902379	187.337239	58.254098
306.978557	331.746699	21.930746	187.426142	12.476379	720.538481	984.561862	32.422530	52.663626
455.876936	278.568810	67.781199	198.225432	1.434348	1089.670851	836.520425	99.412644	54.281510
105.252754	87.316873	24.622251	166.980895	1.738784	884.963438	925.015952	265.011545	15.393552
343.597614	34.770115	182.369366	159.678597	16.467754	871.471446	680.625970	286.711349	49.299009
510.186281	302.000216	189.972316	206.140970	19.638760	793.025509	637.020697	263.817997	76.088268
356.992851	268.194588	108.264107	171.461072	7.759639	918.974211	749.868222	102.881617	53.882158
192.269929	308.143853	69.969606	225.974925	28.666881	813.531396	730.147312	353.264339	30.938715
416.377812	137.870837	64.698318	217.046539	25.892600	1071.638230	639.916369	120.281063	50.216113
267.995802	176.668822	184.735631	234.570202	27.498277	1143.825372	794.160733	309.774507	50.768091
394.752169	166.941687	123.867638	133.119042	14.623400	861.829200	898.639078	250.275771	67.439922
114.842039	112.985080	81.918509	141.271922	26.105536	774.925484	681.767107	151.668050	30.666180
380.524357	120.506384	154.309613	197.590584	21.392270	732.645762	737.519923	122.269649	52.295834
116.102696	257.995084	107.057915	210.266531	2.999416	957.050733	608.663953	222.341160	15.716653
428.213927	270.352534	43.594432	147.578878	0.430475	1037.204469	778.886841	85.046544	59.599258
309.135895	310.123581	47.698188	124.060519	30.077512	1102.825895	970.357970	166.351863	70.454262
155.328408	303.319832	55.040677	229.558013	17.264390	734.632882	659.630509	216.795378	16.030965
339.674535	270.663638	3.201519	219.050395	23.480762	1125.312866	639.435590	271.109711	43.600525
131.247206	119.467237	51.162701	237.065003	5.172900	865.010140	644.797998	81.602582	7.083996
388.173814	254.906635	122.266133	157.502008	22.342182	734.878873	805.603852	25.689603	66.174550
538.285811	349.172193	150.676914	185.229447	20.830162	753.722030	739.176146	68.991856	79.602868
438.996034	328.930129	22.686117	212.580150	28.854641	1014.051069	883.253267	232.823497	71.189468
353.313062	348.764094	194.449123	199.856779	9.713285	869.995611	924.419076	293.513109	64.370825
146.954244	12.998500	97.749932	122.566116	11.634428	963.822526	619.471313	80.604549	30.049431
408.527325	219.564090	12.448414	185.242792	19.667106	1085.502265	982.040236	205.190311	57.620947
391.591526	77.308101	187.995265	244.714616	28.151366	896.187709	811.065186	142.835402	47.380653
123.504543	88.514945	54.334528	150.274190	8.597694	966.491520	873.383483	10.784047	21.654846
449.027094	303.017866	61.942530	178.447212	3.061462	1086.354719	950.986500	34.122881	60.505931
329.197867	269.318813	91.869197	222.746675	10.408633	1139.411307	706.884233	12.480835	35.990855
288.530050	118.040068	64.874459	154.531091	20.430965	1033.629494	776.134137	177.334704	44.972774
447.225982	186.649616	35.535624	172.242691	31.919665	998.518298	959.036459	267.861538	68.587249
282.267320	67.610426	25.425761	207.996994	5.551828	865.463051	722.143616	23.181519	17.393394
312.689509	1.373966	101.937009	177.686507	25.960276	1121.356844	974.401818	101.655637	49.037893
181.553433	323.084960	14.106014	241.213441	7.190610	952.764284	848.491858	13.288277	17.323658
242.737678	254.761593	141.966833	228.124665	16.462824	876.645783	852.736964	71.085174	37.713534
472.343452	189.845822	68.377254	157.537380	23.965650	892.096915	630.240683	226.234981	62.876987
183.863842	19.421492	198.524834	121.070172	3.455467	720.843695	746.723209	160.164670	34.454705
284.773485	151.081624	12.570680	188.565211	25.517573	1021.487471	692.318421	91.203977	36.585402
535.197114	136.435042	9.714352	228.510724	2.504955	1021.232552	787.656189	101.034105	40.875476
205.630718	61.585372	50.361807	235.556354	10.386721	846.844760	898.312231	47.087976	12.297907
503.572562	56.071592	70.322223	136.374905	1.055472	833.279033	884.690249	233.116461	56.761473
504.258091	62.170829	162.649335	233.316662	26.994984	1045.925059	875.380632	284.048890	65.171712
141.987798	214.263979	165.934770	183.707283	19.270482	803.822168	695.308532	212.400370	32.830122
305.079893	44.768719	144.717180	244.379406	5.301141	991.179859	872.712269	147.684871	27.501074
321.970755	85.639183	165.145437	222.015645	3.744175	1065.479081	784.042199	65.153990	32.221106
239.387000	339.711713	145.668578	141.990763	15.232708	862.279873	788.619257	265.713975	56.113320
122.734717	78.786781	174.600701	187.400259	0.233770	729.632476	841.426474	37.283279	17.028414
207.858309	274.224518	92.902641	232.041001	25.349239	864.436126	649.701181	87.571271	26.522251
143.841983	214.696363	55.287634	223.495888	30.998693	1003.060325	964.681394	256.709740	25.266650
206.353459	148.323295	125.891663	242.982206	1.126964	901.043222	841.143007	15.186303	12.137785
455.812496	213.707636	72.913791	226.110472	18.746367	1111.906591	736.429651	195.415107	54.685326
494.000490	47.969591	13.528637	245.884413	19.568504	937.012056	824.148294	50.447204	41.279031
120.931627	173.823452	171.167223	187.101903	0.328212	1131.987248	863.367290	226.646526	25.499967
234.252714	348.995928	166.819183	196.129758	24.501387	997.904877	937.379589	339.648218	51.407939
531.495003	153.551773	99.262547	129.801215	8.303064	1065.289016	798.265056	154.799652	76.298581
338.303112	87.194367	93.203222	170.651743	20.880586	987.005733	867.492670	25.225474	47.725931
376.323500	332.974970	23.773462	160.754025	6.723404	928.382244	716.805605	12.117033	52.017996
104.428889	219.267981	25.179510	236.544648	2.805678	957.278685	748.100628	342.947125	3.589089
314.390336	261.300751	159.551716	162.734470	8.021249	1068.263401	624.677093	171.525026	56.074550
534.887898	195.082260	170.801985	232.650586	28.072077	954.484883	853.810771	330.921491	71.682083
266.331261	4.021522	1.136305	151.139030	24.322423	1111.753686	855.359523	150.853837	26.529034
144.502713	271.296340	156.780287	194.330929	15.701321	840.838830	618.729109	112.734354	32.672652
304.316038	351.352286	107.194035	188.365368	3.715214	892.137154	753.112641	101.118312	42.629982
523.795956	257.111351	87.470252	133.406128	6.741410	911.573246	632.297524	186.666797	66.615433
251.721809	290.343896	95.098562	160.960454	30.786204	996.654044	818.425005	273.380263	54.548603
451.928157	305.719614	142.609922	245.212877	4.498422	1048.245765	733.460854	220.529649	43.958845
451.894693	358.713253	0.478042	195.904448	9.201344	983.204303	900.814256	227.241709	59.175364
193.212754	103.612246	12.538507	225.146289	17.719411	1089.250767	760.381991	53.854245	12.402145
296.195053	161.328925	168.267039	211.654733	11.836412	1130.417413	989.714678	217.235886	48.735115
415.433359	194.874566	199.530218	234.441467	8.611925	723.698728	876.447217	79.874952	49.487702
281.807666	54.731594	48.316953	164.404969	21.740818	709.061598	696.904174	287.154033	33.840976
185.661046	172.670384	80.023487	148.854107	5.009328	817.293481	641.671087	70.576464	29.600641
525.762506	99.436138	140.389558	130.009350	15.110094	753.907266	882.726056	110.108095	67.462582
387.028661	300.458714	132.956734	227.061093	3.701403	1062.356587	724.858589	34.642106	48.246511
481.071415	124.595832	156.746693	186.875701	9.207750	1060.047567	623.216706	330.357721	58.312986
113.056153	29.324794	182.824339	211.630404	11.504211	761.269625	823.789531	85.382237	18.424053
218.904747	3.620665	52.814022	129.073811	20.470519	931.698678	634.963211	34.841426	31.782721
321.907142	308.935112	105.415101	227.664282	14.656827	1108.087094	693.205844	96.667198	44.371157
131.542502	308.325611	28.098798	194.419672	9.111321	770.618379	780.748177	144.290804	17.906366
536.948568	335.337845	194.062252	135.842072	21.889932	989.999866	902.906120	68.962259	100.012538
205.570530	26.043846	151.479941	183.809362	15.141199	1033.820468	760.958793	172.586013	33.176307
265.939976	141.718355	37.470179	196.235782	23.147844	1106.269704	714.094762	359.858772	26.951674
195.737219	153.721626	147.970629	163.935144	12.338490	967.135694	669.047262	351.616148	37.107747
148.185289	309.057278	159.766755	210.600636	23.231095	926.807484	743.561246	61.432869	34.173633
203.826146	93.849921	27.289712	194.248043	18.215892	910.780500	608.921115	267.626333	18.735875
233.667239	108.491379	99.846111	226.892141	7.915637	848.341503	740.677377	85.588333	18.358553
379.885713	263.049090	164.547509	229.798930	17.406851	909.640297	700.939188	348.718866	51.367461
225.180834	64.638844	69.434085	128.842539	4.327128	787.176654	639.398997	152.800410	30.243157
260.677221	228.099566	10.094988	202.456522	0.293741	1003.642452	660.201621	139.091686	20.862942
104.602966	266.453115	68.816241	212.048997	22.116521	801.447450	964.091717	358.483601	24.015040
262.184977	64.782794	156.395870	138.970401	5.690920	729.814523	740.032793	189.681523	37.694254
335.842060	79.678172	20.079891	232.314502	18.949411	913.383929	873.194035	62.653625	24.854752
172.962937	251.231520	62.049511	228.915750	14.912012	1057.522848	958.578927	211.530635	21.147078
363.675701	285.227050	170.716680	138.576038	13.955466	808.616345	643.070335	267.146381	68.810568
230.400781	342.254383	32.387064	232.293593	10.042537	1062.299305	831.491466	255.635387	24.825336
378.838117	110.805313	77.730398	202.476979	16.707523	1023.086581	954.887637	271.170489	52.174809
113.474113	196.959457	110.837016	220.134699	31.112278	982.550778	971.630309	277.223292	28.102889
490.765936	52.705779	35.587844	221.617414	24.515103	965.568710	764.459732	343.581935	50.043836
109.059960	156.845362	140.130826	141.390836	13.240739	826.995703	754.271290	216.194197	35.738032
157.607618	93.742326	156.261380	128.896720	27.913991	918.835363	979.394846	195.167225	49.209918
442.397158	125.219265	126.916744	201.260489	16.855788	816.292239	885.436360	291.756915	55.016968
122.102112	288.408250	172.361532	163.493353	31.547104	771.370686	939.058047	31.877277	50.951492
413.417428	288.359471	26.140233	153.817850	31.063084	963.368889	902.120157	134.514066	71.287941
527.318210	252.917539	0.658997	137.363025	0.903665	1045.060413	860.146283	227.108236	64.348148
483.797125	44.386512	53.388058	229.281525	5.583148	900.285853	753.705843	149.927217	31.650877
413.050803	101.965003	168.007107	193.000451	26.830696	1029.972730	753.654850	266.162267	61.360718
521.827267	337.207200	25.394625	226.425449	11.659449	1016.062352	867.632011	198.933457	60.850272
290.258242	162.456888	152.768485	191.150622	7.890980	905.657795	924.784610	270.387812	41.152682
484.320964	223.242266	185.860127	127.112642	17.173518	1034.158125	620.858759	286.486468	84.554672
257.909459	6.572951	112.154425	148.658415	21.497708	846.467955	941.142052	185.737709	42.253169
509.236480	185.969197	176.607866	223.967567	10.107239	1059.552041	805.696014	270.093733	64.183496
167.164613	247.402290	49.620909	145.098703	27.523728	854.305237	809.953522	63.258405	45.181350
513.732709	21.138560	144.564356	235.951333	16.028886	1006.364885	904.386087	136.644313	48.511942
466.729694	41.387147	156.026593	161.288864	7.411160	1003.887200	925.783352	282.000433	64.243450
472.572019	132.244578	97.498940	174.219351	21.596130	889.745744	683.125683	7.326703	53.239490
156.278278	339.060696	120.550604	204.419684	15.044562	1018.688230	911.987530	93.412899	38.510805
363.261261	89.318483	17.778950	221.807413	4.838139	1097.006170	609.101691	121.795288	21.561091
109.179907	7.755359	55.267331	217.464383	2.325789	737.581715	878.072244	314.389066	0.000000
417.878752	290.530972	15.358878	223.864513	19.335650	837.088658	818.204820	43.880369	51.125094
105.389031	304.880167	47.888190	185.213123	2.062102	760.046437	880.760454	83.577166	20.946703
139.152158	192.673685	178.514362	161.558985	31.147030	786.084425	928.265303	168.199831	49.744643
200.768304	320.603952	6.169179	148.080220	6.525627	791.565141	977.644156	155.113216	41.171446
485.304546	64.273233	99.366045	241.859984	31.569547	1129.419885	780.547168	159.598339	53.078527
261.246427	98.606036	104.533198	193.288640	10.270790	1014.053118	800.456741	127.905505	34.144829
338.502452	7.341455	57.154498	243.089970	29.665277	961.607196	732.442116	32.225924	30.024941
350.829208	209.452189	156.324684	183.165001	20.356689	964.450659	705.466289	164.949872	54.440826
200.752952	318.572561	117.908758	168.268780	3.072383	748.807510	828.285798	121.624034	38.820582
352.600284	217.698052	39.048993	198.027666	8.205938	867.895151	738.678997	263.095078	35.495612
391.496886	28.822610	94.237267	246.131491	12.545262	1098.634967	762.645778	356.672212	33.768062
232.631482	248.867252	4.673688	229.953947	13.440519	712.474413	635.565737	227.037857	13.129173
285.358564	242.662680	3.581341	172.604116	18.045029	716.489345	636.030882	232.929597	39.990935
300.452949	59.861171	146.977218	126.417675	19.033090	827.921295	957.552209	19.897288	55.675799
510.369590	297.605360	34.452796	172.495230	9.937992	985.394517	665.557972	232.127974	64.216538
359.322261	327.548140	193.696424	216.593555	2.840522	1087.078304	924.146945	162.439756	54.456064
517.334539	140.619972	71.642064	121.217087	22.109659	722.738084	878.527980	44.835106	74.199779
345.543222	110.846318	139.743216	225.916125	14.804871	934.736332	768.448120	331.315893	38.509341
321.245902	206.307877	92.495201	153.801931	21.881532	982.397957	678.222412	167.811834	58.584034
103.547108	349.133672	81.892450	167.134917	18.185770	734.559241	614.235353	345.139197	30.334566
312.629401	260.261760	133.587137	237.006105	0.201950	914.574075	940.886936	277.220488	33.676741
508.225289	283.632456	125.211447	168.139926	25.674260	1102.733515	862.285000	218.842256	77.723104
188.884172	275.921466	175.372646	181.251775	24.580030	863.414890	667.226269	349.303137	45.509620
124.815917	343.560831	16.884269	176.931802	12.908053	910.092938	620.088792	33.776101	24.283787
280.169155	293.013000	101.310952	166.726940	25.009314	956.699160	960.072665	173.902792	56.707722
265.109659	96.324812	121.537006	131.265094	0.543360	768.009030	705.569475	193.251655	39.120918
477.433039	83.037078	129.970105	174.407353	13.633623	912.699387	698.070518	145.275361	58.418393
113.655669	86.910541	125.096012	183.136638	13.591770	937.694138	841.496588	289.881473	22.868019
505.025363	76.443632	73.568753	148.506556	6.279683	775.735513	801.682213	104.594084	58.863440
400.235514	74.766564	6.215418	225.032077	7.016560	1037.272868	696.910389	95.505164	23.907315
498.050985	335.486354	142.699281	183.316645	1.536017	760.499817	677.450581	30.373015	64.314756
368.097733	341.646817	8.767885	151.059638	21.051174	811.946273	951.791136	273.176769	62.529349
457.635551	32.257731	94.142881	133.645861	30.666767	990.070893	711.356730	128.440219	71.469293
248.968217	23.002692	143.824640	193.806198	29.639475	834.285995	622.282644	55.266863	33.059845
255.110008	307.673885	54.702319	181.299439	6.414643	749.293317	842.610445	195.082978	39.050638
272.764913	202.383329	5.560115	211.118296	17.311183	918.683839	937.027558	342.309994	32.744778
432.601122	75.952308	18.544096	245.529703	25.424209	860.692212	611.387309	353.542899	36.440727
263.749534	165.792190	27.821217	146.254553	10.591906	901.848765	658.264228	92.824144	43.014572
208.092275	26.474921	133.019612	213.378293	5.608708	784.890035	681.391174	152.327521	15.808400
512.698740	352.615789	130.706106	175.370283	0.669229	1132.528146	870.069514	70.768152	72.068278
499.708855	50.242564	195.679612	170.809347	23.631255	770.020612	708.128986	180.989731	68.704519
254.773224	289.552647	64.775556	157.410002	8.664956	835.970254	939.086344	212.188850	47.165094
379.971475	343.986555	26.274155	166.051581	6.032542	924.256536	687.901204	161.083673	49.057450
221.942889	255.252989	34.506297	135.849544	28.761783	1108.251862	823.585499	181.955246	52.265409
192.278426	31.789800	6.432675	178.379545	26.465688	746.693526	615.373917	242.790291	18.144211
249.316714	211.804608	164.775657	195.034579	25.433442	977.986772	905.707016	133.851324	55.229219
245.269753	46.388723	15.231055	156.222352	1.794370	781.214156	988.423297	291.628733	26.050405
488.436932	311.235062	178.732017	178.162690	29.717384	992.578867	862.978428	286.891133	87.088111
462.169071	241.544662	9.687457	180.476871	14.409735	957.515068	843.552550	69.940175	53.894336
412.814974	338.198158	162.662375	204.109539	8.170666	1060.725194	705.249074	159.864263	55.858270
522.193209	52.373023	39.151110	194.524543	23.408574	726.840621	886.743458	340.342366	52.564167
287.073989	162.872685	4.616625	239.879184	1.189820	758.713062	790.847147	48.571391	14.305862
209.324471	195.139162	140.309052	187.283709	4.731781	1016.164489	676.556243	14.530505	28.390840
153.420515	38.893353	0.530010	197.525797	13.548783	802.323938	879.138765	235.897521	8.127676
233.861371	243.009143	59.533969	187.855668	31.092739	708.610444	818.119611	229.779499	44.037183
165.625515	203.350386	11.418541	164.482696	1.082219	1092.654531	961.428941	179.845694	28.896122
142.377511	124.947099	24.273357	141.437046	1.979138	1131.656272	775.460838	326.295626	20.550550
366.084302	148.237340	25.082090	123.064547	3.717779	830.968371	961.179920	217.609790	40.634128
261.514103	285.846181	144.638068	148.979245	9.541452	857.588125	911.922749	227.663611	50.240090
349.281810	127.952347	194.430950	191.346274	8.371497	842.196258	661.849154	306.346013	39.860082
185.805046	349.175299	48.917338	124.459766	5.447498	990.161534	823.686196	12.433269	49.139863
398.484767	329.628283	79.781239	161.051176	22.540305	896.094377	887.159081	263.328871	68.113283
196.391386	28.032916	74.877957	126.165200	23.256971	741.819370	607.995525	32.612299	30.013564
223.774334	306.017641	51.359439	207.507603	12.529148	983.738499	638.857685	140.546244	34.771517
426.891065	241.886637	142.540755	185.695819	17.266146	1046.062015	954.543381	187.016188	63.726655
347.165198	19.859699	54.262491	233.431008	18.519994	1118.776958	758.241913	252.133757	30.006067
248.658349	342.976443	102.882923	200.331590	26.318320	884.869228	968.045067	26.138047	49.372966
339.829087	299.221826	25.950055	209.702109	13.445033	745.101253	705.885637	288.689888	33.489541
405.965300	298.933543	169.592609	232.160630	28.917959	785.746090	848.270862	242.982280	59.485612
501.513869	328.716552	137.474534	233.974142	26.067574	911.986957	768.677578	61.137051	72.210906
356.352387	330.669264	107.751721	167.458413	17.393753	1009.508456	958.781624	231.897074	65.213135
203.916634	78.649552	122.817095	194.690156	9.261488	994.437508	888.442993	261.156128	30.617260
429.053562	336.513177	44.873955	171.846790	23.366169	1052.738625	762.172580	176.565640	65.085091
442.662830	17.206916	168.811167	192.365935	22.388347	943.748540	892.739503	160.849229	56.961726
189.775776	316.434198	24.481844	239.590621	4.688031	1072.918465	895.197303	284.148227	19.122971
461.411508	163.959796	176.230484	246.138389	28.956690	803.233538	599.486066	312.858099	57.403088
305.641466	298.389222	122.628029	180.436961	6.093562	845.141538	841.573255	5.494614	45.901001
443.537798	98.021826	188.074169	129.133453	2.064184	761.921102	615.960595	23.161334	56.944009
206.015460	270.995836	57.632605	241.952584	0.108520	894.860252	905.326222	308.242354	13.915770
247.670158	288.887266	187.076258	135.930693	24.556752	954.793977	598.491026	341.947387	59.701450
519.719338	29.056516	127.661386	124.073440	0.103471	909.192338	920.145416	160.307095	62.558171
390.123002	328.274791	1.997661	209.026672	7.944490	849.692985	862.993558	198.494435	50.380821
440.520490	293.392964	20.578219	227.983787	31.102092	779.303448	986.283154	38.495900	59.010704
403.507962	213.770869	118.573514	198.825074	3.308014	1022.760549	652.488478	106.955612	41.659454
191.485204	254.146655	19.015996	195.802863	18.824830	933.468871	776.644047	260.429776	30.698116
308.161672	124.149482	149.575341	162.403225	1.817275	1035.150167	761.382317	177.360474	41.517723
456.326176	168.931170	134.394256	199.840141	14.791111	978.421566	668.718384	297.056022	56.064781
397.665386	52.903257	37.468324	224.907346	19.903562	966.454066	755.653550	102.047845	32.074425
104.640214	179.466716	127.385115	162.182546	17.001973	1139.628591	683.149510	156.814207	30.609339
140.284591	281.032863	113.343936	179.063214	21.438516	1072.436411	601.616292	296.969563	36.267015
253.896087	200.464314	49.266884	201.919095	4.858298	951.740092	768.804876	310.438333	25.970192
515.632106	47.920898	141.512627	219.484482	22.515129	835.923967	740.257295	155.513080	59.009198
317.141431	297.809165	50.261437	201.340216	0.995601	789.578981	797.547758	168.053711	38.305741
220.337205	264.937250	172.945544	140.808848	9.478666	1125.942119	767.743216	87.243769	57.330374
259.865589	13.410436	79.248462	187.757675	29.678579	1140.042798	960.612192	155.886955	37.263119
194.265851	288.952524	99.054074	175.857557	5.874968	1116.428714	696.941642	182.054418	35.896144
286.485625	310.622770	132.265402	202.337503	4.947451	772.203868	941.901064	112.542314	48.475097
197.499523	183.944263	176.593071	202.394492	13.163526	1016.164026	648.797799	45.850961	31.095087
472.439598	135.915179	91.233461	133.274527	13.897962	986.160414	774.505740	132.995586	71.008839
301.846522	29.968994	130.980155	138.470755	9.042783	888.031003	629.366790	221.178603	41.500840
224.553284	297.351076	119.369878	132.027089	6.063538	811.204197	848.121016	52.889918	46.308353
510.606542	1.313532	14.430357	133.083445	7.491537	1071.253813	949.116934	308.100615	58.100312
239.685893	123.311724	126.578086	187.062610	21.767790	1045.571311	838.841779	199.006911	42.182916
500.455022	117.656939	9.273410	121.344075	3.660111	996.663846	868.249638	116.406209	60.359397
121.017124	327.412426	101.122195	219.629669	3.740853	984.084886	799.256356	177.224911	24.197049
411.716396	161.295493	21.305435	192.650352	5.070482	1070.622455	769.941770	80.511692	43.587451
313.943399	319.028056	121.735611	211.849762	28.964764	872.953938	981.841345	109.461960	56.875976
296.568825	32.056989	144.196806	181.554895	27.251239	1032.193882	982.796130	70.822223	46.479785
117.909625	303.742295	157.156082	235.242871	30.375534	839.878429	858.199945	168.531416	34.045076
119.819237	219.843829	118.002232	224.675670	30.015044	1118.323071	920.584182	132.327038	38.169805
247.746084	193.112950	197.859568	183.791013	1.992965	850.930100	941.124325	127.455977	45.580431
516.838358	109.838143	71.979709	151.769421	26.070311	1041.443253	681.371264	325.403741	73.261151
372.535070	176.042570	2.266254	136.937987	11.083638	1028.578236	914.398251	108.977477	55.788639
263.567181	98.170159	163.684306	227.227637	25.991222	1061.233045	647.175969	73.947959	41.208779
370.045943	163.638647	90.466541	206.286016	30.291558	1081.265937	847.909230	56.957848	55.273488
192.285613	276.005282	108.516687	154.411647	22.643782	973.871551	966.335270	3.691967	57.147748
174.299102	224.551083	169.400780	212.488624	27.055784	794.938001	831.071212	117.067493	38.947209
260.475962	244.311866	52.397990	159.805091	17.869543	814.226290	731.890395	233.435817	41.867251
480.148768	320.305817	65.349607	153.101664	16.777674	778.960438	939.232760	236.996876	78.767345
325.117957	19.005226	19.342045	214.137156	30.348700	1034.433547	769.096312	361.717349	33.927364
232.042864	71.420551	136.358380	214.181747	13.643512	954.250888	927.510141	334.666608	31.415944
518.210212	259.985625	42.598973	224.807607	3.084101	914.384594	806.708116	52.885936	51.377043
459.393147	146.556620	170.647552	228.071964	6.898453	1096.884200	655.029859	310.676860	51.479688
243.462587	233.426555	122.054408	189.891444	21.647284	742.108738	686.754380	33.947480	40.426249
527.779031	322.297675	182.273097	153.504032	13.001222	877.976206	904.481031	158.108410	83.223261
534.459781	264.225230	12.198982	197.296047	24.733349	770.576423	980.953714	183.821042	70.598640
280.993139	334.989101	198.341690	158.664229	17.099104	709.061785	968.810770	345.180691	65.480347
389.294319	54.547036	79.558602	220.903776	4.309245	869.777873	793.107058	208.058722	30.137970
279.676101	271.629918	109.132706	135.984797	21.181332	927.866019	668.010205	293.754035	54.465025
214.718470	252.243097	128.746813	162.123886	30.398918	733.762916	624.445313	354.706259	49.643806
138.201872	2.711433	97.055663	125.788163	16.397028	889.627325	770.896884	300.931798	26.878366
217.461332	15.428168	105.577668	177.126826	28.164137	804.618893	602.901609	81.527547	28.399046
220.908176	12.123281	83.431124	138.646061	31.084706	912.973406	949.878897	78.646439	39.902079
276.603917	189.414646	37.376669	243.556946	9.118706	1041.788373	849.408788	120.194284	22.964879
182.980082	278.767018	193.888567	165.823133	16.826465	894.534338	885.036469	313.034766	53.031662
519.772461	145.523378	160.219228	220.523585	0.605603	770.382029	712.634635	244.380968	50.807000
147.061390	1.159530	119.578317	225.413549	16.675923	953.150666	855.816791	154.289761	11.584559
375.841338	62.787193	11.316370	132.596191	6.815492	766.640448	634.290446	117.837685	44.344750
295.463456	340.513262	178.944729	205.247889	13.225060	1079.721928	699.929372	126.278397	53.328186
287.500905	87.833818	15.481112	164.376414	2.062177	983.441293	931.877146	226.794252	29.338655
264.932401	306.365433	156.436341	158.560554	25.064157	727.919056	741.962563	3.510563	58.377547
482.321843	132.969149	11.766360	216.054465	18.377970	937.059704	668.918497	62.065389	44.192215
224.848918	187.145561	152.253488	153.037661	20.567153	916.272998	683.263674	293.440602	41.546130
111.012357	175.813974	168.915336	160.040232	12.528609	1075.263993	851.906847	61.938113	37.428257
504.126493	48.278591	89.949937	216.353018	3.142530	1076.616358	826.800576	305.643514	44.375744
480.642362	131.452528	110.917735	165.043716	11.736298	1027.750691	635.941912	118.473126	64.967799
223.282984	358.872286	167.516254	170.447573	19.388871	1067.249023	939.245746	352.040981	63.071082
331.287546	202.521416	194.137463	214.362351	17.866696	974.783231	953.505850	64.680485	51.115216
149.780630	167.019460	3.553531	138.446648	24.105179	967.316711	649.058577	16.331564	26.549296
142.921056	197.142513	25.957473	208.301995	11.191877	860.038097	732.593313	297.706965	12.753928
468.810155	94.420257	172.829123	161.716004	30.234867	898.565406	880.294164	94.307198	77.651689
281.696384	203.325471	135.709691	227.357235	21.702273	951.581898	771.457266	44.762978	41.883400
391.831845	261.466832	54.472838	198.912397	17.283920	907.185691	736.208091	325.264002	54.833735
515.121845	37.940532	89.025333	121.966955	2.001514	1001.959645	972.174567	242.718316	67.590218
209.367199	99.963429	22.234576	137.655231	18.245925	872.495848	721.033478	15.705565	28.411686
107.764006	75.003100	5.736183	215.564330	26.172944	1009.890925	916.023056	57.124972	12.771868
112.577002	267.411644	146.397028	148.694106	10.906352	857.914756	738.759619	270.812688	32.174778
412.710933	335.904301	144.814395	123.148117	26.018922	951.959000	796.885350	323.555224	87.164894
506.953726	152.462704	138.857591	214.042583	27.795152	1066.690905	976.095279	177.175035	72.785534
306.690660	227.335291	176.890047	205.744734	24.396273	1050.562501	847.723158	352.543904	53.518737
266.297807	11.205166	57.328054	149.131948	12.738154	857.796032	726.261998	153.493042	31.620585
339.772866	47.204052	84.723564	199.863591	2.634910	1030.219463	702.543649	342.034343	33.484936
478.205575	138.017752	50.115551	200.025687	18.162679	889.810030	790.754013	117.092542	57.071874
387.643397	238.516751	125.061548	239.362525	13.067087	737.382692	839.694796	190.824956	43.442074
204.045195	229.877933	127.403386	133.315560	11.808910	724.716178	823.243224	13.677566	44.032019
441.266130	68.984181	81.555497	142.601444	4.525785	1090.767258	645.031078	260.696733	55.189017
160.960712	47.709726	187.026204	159.070176	21.310170	758.958125	760.507282	236.220204	33.695036
174.515267	336.767721	97.709991	217.571083	14.171158	1040.747564	862.030649	115.822714	31.124572
370.354840	127.574139	183.529271	180.458004	11.582714	878.313829	846.707696	15.495384	54.511996
206.587132	165.295094	146.091330	167.391697	30.143747	803.010964	736.017111	339.179835	45.160472
410.693004	34.234139	187.730540	169.048769	12.471460	811.289142	812.523762	165.549439	53.724025
255.089115	326.774267	151.540195	185.016593	5.535322	931.903337	654.226669	210.501810	47.811944
223.511694	239.818629	44.938557	161.938929	1.986255	1119.417561	639.359156	141.304626	30.648278
539.526262	183.079575	137.932806	206.897981	31.574777	953.964442	673.618025	141.166921	71.322929
119.789863	154.824400	47.687864	124.166693	12.021484	932.814448	708.441504	72.214660	27.639035
384.870264	18.476119	58.122584	196.322940	26.903121	865.756942	892.764798	181.254490	45.678280
118.950418	76.931621	44.289015	166.416957	2.404647	766.247816	831.314634	327.506729	11.247588
434.972093	307.332432	99.274938	181.341320	15.935396	762.984148	595.721684	360.263326	58.735874
202.779401	223.371384	86.803269	215.878560	12.783538	947.809010	807.428332	279.493019	22.791009
141.346358	69.601168	181.427179	125.471755	8.486895	883.118555	743.528216	357.708738	32.093166
386.020974	67.923955	118.626087	148.288341	23.792837	848.497926	738.009227	228.783644	62.076118
422.879333	125.695059	71.954552	185.441823	20.792115	810.296866	912.136261	69.622621	57.577736
399.005748	220.891457	124.670362	198.776811	2.235743	1047.985001	793.362479	317.280428	52.675345
124.732615	194.727078	68.306589	144.328507	9.122291	1140.321039	661.706357	311.520615	28.206866
230.906442	189.205520	167.263444	145.578261	8.538072	829.271385	681.692009	167.095308	39.881226
299.576696	311.946157	17.816881	199.599273	29.225578	1030.372360	718.209622	215.776649	49.773928
227.751241	309.189273	43.742603	212.194708	7.316066	776.777165	728.879411	198.672486	28.461553
457.004894	303.426263	18.810080	177.688375	16.415170	1018.878553	753.073348	221.429948	58.391707
159.428416	252.180154	173.431228	177.184667	30.724451	825.017178	943.706503	267.161835	58.347052
370.134560	140.889627	54.413355	171.420936	31.752206	1094.060642	727.207919	261.834528	57.805052
534.838145	96.694593	198.945842	152.808089	16.169691	770.449396	822.344759	298.285019	78.965453
497.319764	343.093658	30.380716	245.184306	11.938136	938.808883	595.374933	61.246274	44.428412
199.304793	16.257302	64.833688	199.859065	14.307545	1009.889403	665.214641	200.255496	23.279279
102.035867	221.999523	178.665158	165.888842	7.048702	771.302514	899.471813	40.553102	32.480446
531.501636	303.758560	127.078544	153.232398	31.828016	1023.931950	767.608734	252.281791	91.637998
488.628287	97.616735	98.961465	152.676233	10.155566	1100.524439	720.770053	305.900717	61.909759
504.728940	351.369840	32.764589	160.999038	5.170128	1029.093602	711.105024	246.089641	67.494979
283.990555	318.046706	158.184614	190.890893	3.812532	856.401748	779.489545	223.992769	41.127354
428.141572	71.558784	66.604519	194.291101	27.901609	833.807134	595.263182	110.811073	50.153397
195.220196	97.041045	150.621522	204.375703	8.051990	712.437105	718.924581	325.546729	23.016868
273.829183	322.131745	116.561055	123.989805	10.284072	1013.869878	972.541931	152.149852	58.561829
474.978047	39.221394	123.334038	193.679322	9.745915	1133.103284	649.671126	348.125717	53.726236
157.894154	67.663305	65.056023	194.265058	23.996657	1080.330542	597.964954	353.935140	20.854998
493.513031	218.469238	15.009416	236.827481	28.001695	758.413111	595.094859	90.840117	52.604084
319.470492	52.778150	119.064444	150.174763	8.334676	1075.866092	877.881206	265.393983	44.917680
288.629897	205.543716	148.699539	126.456474	4.566524	973.068586	820.148085	41.569112	49.314429
235.873118	206.620732	115.212949	240.163429	22.898705	748.965192	989.969159	330.399658	35.225548
503.579768	214.091230	120.231855	191.980351	15.011979	996.093965	726.092453	48.866737	66.047673
328.719076	90.001799	139.483826	134.107485	2.917861	736.913006	654.989330	47.579933	49.885398
454.163549	294.768031	8.959754	162.098417	13.376763	719.976110	810.374208	304.780797	57.241473
477.651483	348.389260	44.737529	170.328414	2.115670	1027.205832	668.411484	70.865297	61.206562
506.003471	99.761082	122.772843	217.764944	31.422730	1065.661954	872.038198	171.223608	69.371368
234.880762	310.712102	27.123844	154.304684	29.077881	864.551463	663.075578	74.970140	47.932505
250.837154	105.205682	54.057544	240.664469	30.479889	761.378636	733.413486	231.899175	25.273831
362.642358	125.264834	9.002524	193.116599	27.372688	897.200589	807.821684	256.948892	39.954818
295.299971	281.974197	43.056924	132.997249	0.538370	956.769184	887.060963	153.203976	51.439311
510.585029	49.301505	2.319833	184.949071	4.004929	950.359883	908.498997	268.246066	46.884002
276.133055	22.188919	163.661230	194.552032	21.531438	1018.398836	733.448852	39.880076	45.810491
311.266785	138.801103	117.551329	241.802440	4.537480	1079.466729	795.924528	313.198127	32.387970
372.327507	46.556276	109.338496	235.926650	14.565472	1134.080721	820.534880	266.850149	35.245475
279.275895	28.559439	1.123325	239.513644	6.505887	914.536419	728.049058	57.679761	7.105911
536.705555	211.353359	170.024834	202.524201	4.844853	840.368034	882.925408	76.758280	62.411488
145.296863	66.046934	0.013568	201.990116	3.388103	846.371320	634.350252	132.251708	0.712783
198.624253	108.023563	157.463667	207.262812	26.866872	799.918864	797.242151	238.518565	37.445257
243.322947	261.742795	43.790273	127.171117	26.815306	988.805854	767.902959	256.742102	56.185686
166.702606	33.385464	164.040493	154.313815	15.654185	894.112268	684.805512	341.459646	35.445677
226.488025	356.834596	25.824827	153.086148	19.645449	1001.606762	689.124807	123.906419	44.257684
443.309438	110.843644	109.467980	219.426355	7.385047	800.173204	740.074506	148.619225	45.154085
331.026696	195.880901	5.890629	142.492108	29.343234	982.327964	935.283480	256.669343	58.453309
116.871693	284.273964	110.930163	214.715123	18.341822	1094.819843	644.607247	133.457185	29.151724
532.388692	85.085333	26.601083	173.660797	20.429072	1077.972689	854.492788	248.997484	59.003921
371.810837	122.477789	161.220879	155.137874	14.345153	1135.441281	767.790945	203.939967	57.519408
127.815492	74.050487	47.249136	234.886759	21.554769	917.135995	853.459066	53.667862	8.638090
391.591922	135.909614	23.187334	159.071629	20.699632	770.260177	704.671396	151.324196	51.024091
267.725784	263.842265	6.083041	218.455252	31.169203	820.329968	924.978875	14.399521	34.556421
161.424904	256.479255	114.828858	216.543079	19.190857	1063.730867	635.339707	293.097886	28.007134
348.885092	65.344885	132.393975	168.435641	5.315680	898.146409	909.314210	342.977197	48.932496
420.461018	171.215702	178.966202	162.065616	22.925108	1018.424808	646.243240	321.373487	69.835340
395.953453	247.066229	12.354311	121.442401	9.505495	1010.585330	670.803839	148.040249	57.528368
210.410761	264.995812	78.382787	179.348139	7.205638	1004.368436	641.140057	71.467148	36.129479
331.891405	228.337273	32.619468	143.381970	14.790842	720.600334	924.373899	145.173005	53.418900
337.496589	69.941354	100.441038	122.372474	17.237520	1003.814158	890.361271	97.833841	58.556872
415.959873	311.640381	47.683644	198.590417	1.265448	979.346660	617.871568	346.217000	43.821958
259.621899	103.552751	82.207509	136.821315	18.752213	831.082835	955.116392	225.819717	53.116507
451.406877	132.801927	73.723612	159.586996	21.539363	717.539451	975.035106	181.081697	68.562376
377.029770	200.500711	138.000629	211.014422	29.104823	878.983682	971.557709	200.954509	60.971127
118.789244	308.516883	148.381725	214.874862	17.385889	943.408001	665.229546	53.812553	29.158850
341.357811	233.224462	84.932436	240.948924	3.206337	1034.023593	854.284704	333.433022	34.638056
479.517498	251.905886	48.801582	235.422844	18.470142	1079.838599	649.577039	40.131840	50.951120
350.597483	77.676212	158.931163	185.907974	27.486791	1114.472012	738.508029	131.468506	54.209675
179.012780	126.569695	169.590604	240.135602	21.514774	805.715935	981.627558	140.687385	30.290770
325.544850	49.144737	108.003405	164.131834	27.097051	802.383111	850.861953	294.560816	47.789420
433.542276	264.548326	49.913874	190.367307	4.336325	907.845833	884.906639	100.832378	49.565958
150.226076	340.604053	156.779268	189.572061	16.147814	843.287091	982.363805	191.222149	40.834389
459.889396	263.817706	71.206848	123.806322	17.520629	756.501305	662.491308	295.935643	72.943463
175.356959	44.759659	183.738990	125.459563	26.796696	1130.697134	823.396675	345.160684	45.289445
335.925504	248.918161	53.344179	150.995751	10.410845	1007.919141	620.485883	134.439505	53.541936
270.955645	155.527844	188.052056	238.342756	22.968520	1027.223301	774.879073	151.156240	38.208468
210.897210	33.068991	85.582754	234.938689	19.040102	1048.895081	942.261781	20.195689	18.119600
385.575441	358.811228	150.654973	201.209734	9.870234	753.565631	602.040363	105.403080	53.150664
118.377744	259.960979	41.778759	129.386528	18.690647	1095.158349	800.369865	217.962112	35.957452
434.900063	223.455231	124.960335	241.018286	26.542819	992.705274	929.420546	133.704655	56.850532
332.800000	313.442137	116.439727	129.325290	15.502344	800.567992	718.006767	24.626583	61.432773
485.587790	116.797453	84.061138	184.717821	0.430479	908.469916	961.057969	12.899409	52.695726
330.074624	239.397387	147.085946	199.177847	7.184996	845.376301	851.388846	18.228328	40.045591
117.344528	168.112675	163.595646	210.425188	13.165794	1116.492197	615.975105	96.542793	22.919609
164.897224	44.497967	145.454285	237.614859	21.829067	922.404618	854.258932	207.342513	18.746011
450.474810	194.244027	162.619588	164.294628	29.490811	1106.990910	747.772293	162.406630	70.356540
317.485509	226.855506	149.037056	168.135020	11.551770	843.636243	654.106364	164.901606	49.484855
295.543121	169.896715	29.929804	189.477426	7.962486	1098.801405	963.010140	273.559295	42.869294
241.474434	44.972489	154.480546	152.426725	3.224984	1030.880961	983.029543	82.249085	35.058405
226.632549	27.026660	38.137416	190.039005	23.485426	1112.352754	901.546116	339.166681	29.926846
525.058205	238.677009	19.844449	164.842434	22.718067	809.827953	930.881320	10.098886	71.665954
291.640567	300.809031	180.329295	238.091480	20.379988	851.233534	988.472780	309.651306	54.046471
489.193328	331.749762	119.647267	159.806146	25.910216	1103.039846	605.390018	247.361175	76.537297
385.895448	139.358721	35.297326	200.882673	14.337670	713.593916	639.126488	58.414116	38.718676
477.991309	336.855385	127.242220	169.573943	3.768140	762.623289	964.918112	53.761198	67.892409
475.372901	294.309446	66.569653	245.223061	10.606974	728.136602	827.717557	18.567359	50.399827
520.864668	152.230959	28.308651	233.363205	5.540717	1055.401936	762.175287	136.104208	47.578680
407.698699	145.868892	159.897093	161.070375	30.036046	1133.343017	655.522055	188.283349	67.410590
454.763858	119.718890	21.997320	121.710759	28.846813	1022.000793	608.002104	217.762740	62.491443
423.110018	24.812862	192.490626	158.323711	20.053490	1110.445800	898.330776	147.087577	67.805042
367.089354	3.491683	154.386839	183.198940	30.055935	1111.435568	604.791423	37.822327	51.581533
416.201111	88.134020	142.445296	163.375772	30.419985	1012.072457	767.879455	130.195103	62.380832
415.498680	91.407628	47.829723	203.980114	29.096210	975.009188	615.470464	207.843913	47.382078
119.917613	261.948315	151.918197	162.788540	9.500382	866.261225	890.410915	310.726493	36.269006
328.056546	56.496073	4.509889	162.358781	0.976111	922.253622	805.374067	152.528115	29.678155
449.181296	248.579367	110.773700	233.884008	16.549174	933.081700	694.427474	88.335930	51.659425
208.417438	262.190373	62.147196	157.638078	20.604767	1122.462990	691.419180	309.140913	43.252303
305.734818	165.038461	166.458183	195.611622	14.967833	720.207179	827.077352	164.776275	43.085838
292.523741	42.237608	152.264185	186.570398	31.306768	1097.410777	642.757728	332.349491	48.107659
278.420780	258.303951	97.567694	153.624856	22.250453	775.984295	846.775078	154.542548	51.019702
155.365713	327.999363	94.471217	139.875118	18.893122	1017.579873	967.518898	44.134210	56.718477
332.261655	131.458424	14.631248	165.637712	24.832890	951.689157	778.153365	218.956582	37.654132
297.456784	272.387580	46.933930	161.171227	16.983502	721.091243	873.998141	288.626211	51.051730
392.566028	266.348820	141.449439	166.306461	27.895522	746.750732	704.503081	270.705944	69.299769
342.642920	19.401138	13.127674	223.412414	14.914830	786.625275	803.552948	342.568554	22.657875
114.063803	19.999052	157.450740	188.232290	3.333564	861.901386	802.740732	38.592828	10.483130
115.980079	242.905769	195.911265	243.701395	6.334734	719.676738	748.613556	346.777173	16.806092
409.195593	298.295852	15.817172	159.090090	14.298564	874.059309	671.825386	80.313950	52.162868
411.920530	330.481723	91.579985	152.258579	14.089390	728.577073	847.868561	181.436239	65.435287
522.453341	50.857061	115.804591	126.529645	29.656563	1038.281465	973.468578	321.421383	81.336643
485.996650	209.437085	162.580676	229.705717	13.804164	1068.659069	773.717796	121.918348	62.626834
307.010134	101.257058	30.015522	181.214163	2.632233	950.646413	639.378798	117.811934	25.793123
376.147052	79.949611	72.025604	158.262629	15.321853	783.638711	734.913172	218.399830	49.928802
302.245597	265.081490	167.118446	124.517997	22.807662	1010.756810	866.512523	41.452047	71.013498
199.650452	148.335884	103.637379	199.485881	7.321225	762.076466	790.302654	362.037454	18.145772
266.984525	157.131467	32.695201	158.601381	27.897208	1125.962314	716.185502	151.259900	45.988899
147.501294	303.140053	173.883334	203.048193	0.239430	778.681246	934.485805	51.584221	34.380840
393.938878	85.687823	187.224846	135.108157	22.550189	999.920065	839.257052	318.549527	69.890567
186.109203	189.674914	147.932928	186.264756	7.986588	1033.073637	946.095886	20.020298	32.537730
310.254891	297.148027	194.732733	138.258583	23.334867	953.858503	981.341114	320.290911	74.207189
525.737232	47.348080	185.305444	203.420476	19.410706	732.781832	835.802773	102.253520	59.912051
115.870992	214.029687	24.280706	213.781865	28.863571	1079.380553	671.524784	146.930006	23.464476
168.457718	300.551241	81.850612	221.968844	2.816151	1055.381160	824.604222	103.623210	19.512903
232.777683	274.443130	119.377789	220.952424	15.648418	1015.742455	640.746177	14.037886	30.441978
514.511450	317.529078	146.477272	231.609452	19.445780	782.222563	906.339890	347.779844	68.782581
500.072707	11.690547	107.012721	229.578023	27.674648	765.732376	633.038761	32.702514	51.525801
172.956368	248.232756	129.839593	223.077246	0.491234	980.188710	784.742911	7.418927	18.556119
531.729585	73.213206	23.361072	152.433933	25.429483	770.152241	879.823144	275.211436	66.118632
430.827416	199.969723	81.258956	231.318686	15.254413	1053.165779	961.629999	266.067998	49.894157
338.509962	278.145625	1.371425	182.204110	28.678016	856.634459	950.554823	125.572319	52.728469
510.085863	150.848736	130.369898	138.037024	3.125176	769.742663	621.142601	1.178042	56.584979
487.705928	252.809132	32.895109	223.015363	7.313417	834.119979	987.323827	7.584456	47.269244
273.396624	301.707441	80.793213	223.122896	15.745502	804.251567	772.007231	63.268503	33.581210
389.478320	339.513010	99.729844	176.233345	21.988620	871.840173	677.443387	220.776558	63.326068
385.554694	195.688425	133.275814	210.910939	4.125251	988.972833	982.968288	92.726641	47.167082
245.212065	113.479875	152.648000	134.597185	19.427679	1017.728043	938.449173	103.336777	49.934683
180.572896	140.019389	143.020434	136.321583	13.940525	1078.967890	849.000642	351.525126	43.520598
306.462726	310.749299	113.563958	171.187636	11.089482	962.266836	837.395245	328.466842	54.467138
217.317094	86.273670	105.754410	150.823563	22.864216	953.721153	754.816422	47.056794	45.481692
257.518525	317.091920	171.379988	230.010170	18.104747	787.513234	604.210161	222.500051	39.853133
519.915058	20.763211	173.356196	229.934840	2.881364	745.811095	826.117530	90.567093	43.819633
303.978387	348.705854	12.375874	138.632978	12.410000	1119.219185	782.177161	8.945893	54.378358
401.982462	42.759493	54.028983	160.182784	1.172724	838.228566	955.493717	61.683585	42.240682
249.268694	317.136671	184.331145	177.771521	12.104905	841.898027	805.201745	37.609406	46.605212
538.187152	194.137032	118.530450	136.536489	29.566712	1136.598728	890.994308	293.397789	90.345180
390.540211	201.516661	26.932199	136.046672	20.136266	712.503015	976.945685	13.480748	65.296972
187.852146	352.055488	14.226369	180.808037	22.810474	1112.182219	631.353263	15.040194	40.700451
145.004591	341.538997	18.886368	197.497724	9.387230	765.734997	799.203593	221.008977	14.294929
515.113090	286.700325	153.968025	142.246435	21.859565	935.967977	949.430973	338.611121	89.052836
515.812691	233.918458	44.397412	140.327974	30.698069	740.178864	947.653170	3.805941	79.313444
374.141828	243.294798	48.591724	209.157106	23.640146	720.584466	719.019024	266.426653	44.780950
109.442277	47.915202	26.119364	236.497089	27.416908	956.783479	842.262745	134.979028	9.019467
200.784279	167.798513	119.931171	121.157233	4.692745	921.714540	853.735891	159.402820	38.991518
452.959231	154.070522	102.775589	217.407014	15.876029	816.473995	911.003528	137.565493	51.715712
485.451405	36.585376	56.308315	122.385792	6.423306	956.454090	884.256403	227.341097	60.614455
300.847539	4.066909	131.624899	239.558365	18.785538	1054.894444	875.860200	46.600096	36.127025
262.098031	5.840322	155.556732	164.757379	20.103188	1003.573510	875.426031	43.092152	40.110740
222.110555	264.750501	195.918940	217.952274	1.942968	824.716149	745.140431	123.455186	32.364171
153.233085	160.636708	95.742494	186.841233	31.228993	975.892389	820.478787	34.724222	30.336208
152.696107	176.116288	82.596933	167.407035	24.107424	817.557137	907.908801	318.829436	40.145489
519.239982	91.026823	58.435041	169.694067	20.844424	944.182641	693.764256	361.895074	60.350915
456.178238	194.160962	156.920129	207.373120	10.449281	895.747518	732.617859	352.205947	56.437756
174.173360	45.667334	194.442557	232.254467	11.728254	923.793465	815.178605	193.316368	19.760521
192.687922	58.714351	120.084922	222.834690	2.133207	942.687765	690.467611	290.996952	7.941921
389.131579	293.534208	128.463259	164.424974	3.990222	836.851057	776.613396	355.051260	58.150172
436.922926	9.847138	137.827181	217.057683	11.953769	909.681464	798.645458	259.337118	44.304884
456.917902	328.848851	84.656786	142.346564	24.661944	1086.430029	660.798149	336.998031	74.571881
173.541909	121.409465	44.069463	121.115131	23.512146	1091.876111	689.475621	60.260372	39.947722
533.048190	334.644862	51.223990	207.831949	6.109367	765.277526	658.880770	346.133704	56.596432
201.777305	22.867868	123.439848	131.605201	9.066577	1001.742204	884.685376	59.538208	42.264270
360.163960	112.259332	127.529687	171.869087	1.915933	953.790913	629.966566	21.707101	43.596343
359.375701	212.947651	92.382453	224.188503	23.020954	1007.394080	691.544801	358.225343	47.558843
525.704506	336.671938	8.668017	169.458695	29.730596	796.752377	880.827508	360.865897	77.939192
390.058340	32.311269	175.446906	127.651457	13.835140	947.511741	959.230561	40.125428	65.328217
358.188069	290.500303	48.862855	123.261390	8.490478	1071.361948	694.344565	150.723384	57.310302
329.222389	220.075588	116.206471	235.298427	7.420307	1031.224824	950.403346	232.507441	36.874949
436.920002	229.762892	147.734050	224.254881	25.052667	1128.951366	728.846174	310.841423	64.085301
148.452204	356.238967	36.867897	203.402245	20.876089	1079.481200	931.877117	136.319177	31.899033
102.916253	115.268730	94.658676	122.068114	31.563696	1051.110171	797.748599	334.419999	41.731057
519.190124	129.307482	0.267625	217.293690	30.446994	1058.501876	822.116962	53.515865	53.843156
320.412064	192.371541	9.488629	175.473886	2.338957	880.467412	780.534109	12.980213	32.272525
245.810896	224.405101	50.097962	131.461043	5.776087	884.501604	895.037422	148.641034	42.197499
263.207328	111.916857	131.744582	216.201225	4.663734	793.471039	748.971145	193.220210	26.824937
454.083372	253.570149	177.335052	208.396304	16.124658	1099.088760	851.416389	336.024492	63.702800
269.478153	29.482731	84.897300	147.783914	12.869074	951.071766	832.497245	326.334618	31.055348
439.334098	69.934918	5.007620	161.906341	25.256580	1138.925073	693.748058	158.442319	54.971691
294.922357	4.757418	58.544202	242.185419	6.344051	738.615086	905.805302	315.494995	18.180095
471.705929	269.113620	191.400325	135.649234	3.229395	1064.261295	788.286538	60.866866	75.470097
135.377380	340.295420	22.243897	223.779810	20.171098	718.912344	774.222406	78.326646	20.993491
312.734207	275.967250	151.141628	202.988310	5.707895	1009.957932	824.301441	187.294331	45.759392
306.480173	62.060730	149.465523	149.283484	25.904041	827.639059	936.277714	18.705521	54.987786
217.775655	101.904973	117.984654	192.729391	8.457300	1093.890447	712.202760	276.383836	29.524223
515.303258	240.953002	186.177865	193.547425	12.451912	906.399932	724.869077	195.823748	71.604365
498.402465	111.091338	128.430014	126.924655	11.053207	948.164999	742.245399	53.343374	72.617938
296.295180	146.047826	193.301135	207.760029	30.331240	975.978371	669.143013	186.964654	49.656628
144.555907	91.833623	165.226360	127.422126	8.295369	1075.531455	902.621390	182.052599	40.756894
192.571019	191.787404	158.809092	191.707037	13.463596	1068.749363	782.134243	233.666021	36.919578
220.913424	312.141988	190.210235	126.512629	13.115411	1049.794356	632.153375	21.554353	58.634098
314.088261	86.049726	123.408455	220.168888	27.229332	1057.110379	870.881277	135.408166	43.165368
250.209175	190.103867	64.469936	242.976824	26.139849	977.014205	644.982520	294.821195	23.314333
441.071599	238.736310	20.732348	129.563217	27.302882	753.871337	863.312549	10.237083	70.876034
310.499654	2.360721	138.852928	231.702099	19.973618	787.463541	747.468752	233.473248	30.150852
483.222281	90.817221	104.655827	219.797526	8.064430	1008.412372	838.413200	125.207691	49.237882
538.152407	203.649005	77.089588	172.738134	6.307297	792.407532	686.931989	246.834135	64.413074
198.288146	296.246622	189.949255	142.805145	3.800178	916.091964	839.255431	107.461222	51.547260
369.912063	81.838170	182.485611	214.489309	18.288681	734.024986	631.118487	330.052288	45.020105
473.206012	322.686337	75.589705	213.599923	12.379199	734.480486	977.085951	110.626339	56.928409
516.013646	296.018998	189.097604	204.627518	1.762400	734.556818	936.571250	308.947806	70.087408
229.057854	141.472852	86.404128	160.314638	22.787958	781.514298	699.039978	64.055017	37.955490
420.444722	292.037502	41.227856	178.256142	14.812370	923.639157	712.371720	357.920256	52.946596
108.577073	304.880238	124.130165	122.551407	1.880162	888.707217	962.023676	132.935718	44.195148
487.064388	101.116020	18.849609	163.578421	14.161083	1042.842961	684.395402	184.415140	49.976226
130.005085	41.339328	30.533129	182.425329	30.308299	901.901071	799.854981	305.879911	16.906456
423.227185	36.229868	162.854604	153.469159	5.695384	972.709452	828.668117	28.655707	55.117282
537.639349	316.189298	163.821296	191.991641	20.441353	815.638616	694.502616	55.753874	85.105669
321.521124	177.490395	48.122744	154.731895	13.675547	1086.791117	825.057435	124.075866	49.134756
193.688288	241.051496	149.372552	202.658168	10.536182	954.700056	861.605950	142.627281	38.273791
362.453889	140.030795	194.714097	193.995693	4.821191	1082.437939	940.936868	296.377489	53.041940
375.377691	280.110528	191.568314	229.859692	12.131044	816.967426	830.463944	82.809427	49.681166
394.615859	295.892534	88.904475	145.489883	0.848925	1140.272086	952.372491	296.000584	66.221192
177.603943	320.420320	172.781225	216.676351	11.911468	821.629501	818.149110	268.609804	31.876076
495.636159	230.395363	111.420690	231.135382	18.093953	993.870031	848.286382	298.071644	61.840827
373.994219	320.271225	112.957679	126.301776	10.656798	778.339912	975.320186	305.426142	63.983985
121.083093	311.200264	47.854101	173.581395	4.890242	729.988100	919.581766	271.188068	22.087765
401.609986	97.520099	76.842379	164.787765	13.817879	983.466959	982.952324	66.958832	59.969982
187.884812	211.288691	42.974644	123.845481	11.435539	1086.581236	816.540327	174.355908	46.353225
113.975262	94.114982	148.490244	218.375638	31.470158	741.790920	692.446571	286.059941	19.095691
343.317535	228.977077	128.118312	231.690376	18.039638	944.993051	943.535163	84.232023	49.680465
458.231374	322.075959	160.895068	217.497151	14.640095	1082.374830	863.413543	296.416104	70.187507
478.654223	173.447117	123.975667	212.301707	30.720374	1022.330276	973.281584	249.267500	71.279542
147.342165	296.017101	55.436852	165.623314	25.083466	969.684854	724.232873	287.352331	37.944795
392.412740	6.140526	190.505310	151.854554	11.284828	993.534810	888.832670	39.255096	52.319683
413.012948	311.304490	130.142166	183.626923	14.912172	1008.636132	762.075060	203.012347	68.833346
230.998443	338.968936	95.267463	133.678935	16.513995	1107.656172	664.847831	269.879027	52.093517
527.457431	112.512904	155.514833	201.534481	6.620492	820.793514	678.273320	201.482792	58.968567
224.065112	254.762739	50.925330	197.864982	4.239428	1067.940309	694.231124	35.521409	29.921534
132.652199	294.103907	162.166394	234.673422	4.945030	1018.402957	795.832827	345.602599	22.146611
329.444798	44.612201	67.658766	235.183052	11.648912	798.177990	901.750873	231.590597	26.846771
406.109920	148.786090	14.931143	242.731056	2.963992	1061.528420	966.509951	185.709449	33.159463
209.160987	74.163443	156.575701	129.590292	6.310536	791.701838	635.490523	129.717436	32.789060
250.299005	268.014644	38.191772	212.346892	3.283303	761.119375	918.516122	91.761323	26.957282
348.869057	145.723423	128.860193	160.485084	0.503876	940.933521	717.639970	186.914675	46.100117
490.365037	0.048803	53.957257	213.059794	12.586940	708.259900	751.974792	21.592719	43.821492
429.328747	94.285485	137.089713	191.577441	14.249353	1090.040143	816.133981	343.484900	59.818972
193.801278	72.985579	25.219658	244.746089	23.885485	846.743873	886.439310	64.347333	11.241543
212.278357	26.841801	124.781617	180.497894	18.145018	897.147205	665.188426	115.753460	31.381411
331.459742	190.563370	38.403763	135.958388	27.456466	841.203364	722.622649	301.884648	49.518430
438.803908	120.963201	100.671900	200.136472	21.955441	1065.817941	771.427661	350.350316	54.814433
373.017659	78.596372	174.540129	176.517116	26.169239	892.498101	820.686233	189.127926	55.266969
321.580029	336.263273	95.084324	162.792618	18.103990	1001.604081	921.372271	268.886854	64.908068
363.540899	116.236348	154.413291	197.187107	16.942471	784.825504	794.454890	342.091936	49.325466
433.154293	45.845226	29.289686	227.882379	30.946069	734.238428	673.782617	21.400181	34.157634
337.240950	187.821017	131.430558	151.562900	13.219801	961.134522	717.725658	1.868108	51.592166
495.215702	320.348682	30.396076	206.013333	16.798034	947.784081	851.015226	291.378269	62.724297
516.815561	279.286859	153.713080	213.637065	22.370030	988.486567	701.457940	178.199348	70.547288
502.925274	53.199929	142.812210	242.302199	15.555934	1060.021843	681.091392	259.215225	47.457369
432.479033	107.334012	80.481315	148.312161	13.385570	870.174418	709.877418	144.540082	54.635632
209.888600	85.143540	94.008047	185.770356	21.366515	1081.787629	763.674842	49.690014	28.065439
270.748893	333.021322	33.682971	209.260377	1.539284	733.484076	715.143600	22.374762	31.603089
224.639979	100.263941	127.104158	127.173771	27.481335	772.795002	887.848210	329.988027	55.327506
390.055186	60.808064	182.537296	230.625456	31.274928	931.858764	914.948931	303.169663	56.687073
244.009072	163.387060	112.085425	163.973900	19.629349	931.226049	610.806057	295.926054	40.643118
432.423523	219.629407	63.031314	206.145123	14.991021	905.046307	776.892512	85.179364	51.562803
151.716976	56.905891	81.889225	171.928872	14.504059	770.431921	702.507789	354.101726	23.972265
441.609766	8.799307	43.655656	234.124848	18.005386	1000.027417	749.299841	322.169747	34.175203
358.625065	34.020641	88.352078	222.692157	23.352844	877.378791	668.376424	183.739412	34.000508
467.900245	233.690236	99.025722	179.889421	9.573184	828.639101	620.666395	350.712383	50.526376
290.723536	58.677960	188.149025	240.518202	10.139108	789.961996	847.956026	265.403313	29.903252
375.734431	92.924788	85.980855	217.905553	4.403277	1099.536253	976.992521	8.092494	38.591880
344.832514	242.583031	172.450732	175.538705	23.279449	1055.515308	886.487543	354.090994	64.349637
529.344015	312.818995	33.365308	232.747859	11.926474	781.760922	983.812862	204.425377	60.364970
432.897783	342.009148	109.034103	187.679744	26.758895	712.594551	978.185601	26.988160	72.969604
340.628203	137.706223	118.155754	191.460543	15.382513	761.608746	734.752972	133.418327	46.608696
178.226056	81.267358	118.743958	134.824089	3.645503	756.289475	887.833491	149.918030	28.937235
498.002027	265.348486	100.430275	233.574986	31.996482	1041.579265	917.942997	307.690650	68.051182
192.156949	255.760183	153.429434	170.394849	26.160790	886.154966	780.847401	11.173854	50.419044
386.718946	349.817709	34.572943	181.519305	8.629402	869.429615	721.959560	236.905274	50.173810
512.174672	35.141805	13.620898	245.457990	2.591774	896.965698	965.577038	327.773410	35.016179
199.927878	315.253821	28.543987	225.045381	1.029622	1032.506844	613.063925	240.078695	23.578956
200.954511	63.062026	112.646304	135.512067	25.185795	997.965599	752.040432	141.476236	39.536039
475.096683	268.293407	49.944604	218.446615	3.416857	1024.214394	982.966049	170.245426	53.084157
464.512901	357.357682	147.707285	150.678814	8.217796	966.677402	646.518396	338.958875	71.003201
256.046069	83.208461	12.571183	141.876314	3.146788	840.627001	612.511677	27.795756	27.898231
218.112174	266.442547	181.798875	224.378121	30.766668	837.266853	729.785945	164.695435	41.883965
157.796151	277.922551	190.342390	188.702334	10.612480	826.942053	625.358238	217.165543	34.815913
534.716013	100.864413	157.130209	180.456529	7.552452	1116.652331	827.832911	44.025155	69.096678
467.880278	330.721739	175.590656	134.643479	22.950240	759.863502	839.508027	220.314285	89.067428
495.933523	25.009378	75.668618	132.879659	20.795712	829.307974	918.419652	34.979255	68.482700
326.991545	82.167905	31.919045	171.480072	10.974132	1070.204438	990.247760	356.556847	41.531399
152.100557	105.754006	39.989696	239.544713	17.912152	1138.876110	605.743086	103.593283	6.357624
125.030188	32.329184	100.254486	148.674378	20.056178	802.999665	831.192376	180.977686	27.552110
246.794961	88.045534	132.277121	211.821691	13.247558	1132.400713	923.692046	361.133970	34.840526
505.104730	282.591657	113.757966	188.416271	25.689825	1027.093704	865.332921	100.695855	78.482201
517.040844	95.936842	20.987820	190.560603	23.994591	874.960840	655.054728	176.650645	53.993072
470.429773	181.875038	145.448243	240.845411	27.350197	857.749934	838.756121	247.312128	64.626563
171.501465	48.592053	157.799096	229.353473	3.015124	1087.078458	668.190165	334.154025	12.175940
285.926349	212.415670	5.904982	228.022097	18.672602	829.376558	959.837514	158.489031	34.926305
209.854398	219.302455	91.779680	127.542775	23.332935	843.752646	980.657620	111.020954	61.636089
191.943201	78.355653	87.558384	245.517783	0.547729	719.075298	854.824135	153.636856	11.498417
401.953722	26.799807	13.443882	239.961846	19.436372	929.400231	813.049397	149.077794	32.596973
314.916910	251.940713	35.353847	134.701886	11.524334	801.216607	647.758535	205.331831	46.390118
244.310424	227.403626	162.998193	190.362439	28.285293	1142.353688	905.034238	59.351162	58.827781
145.893935	173.127801	116.928222	124.331627	26.535277	774.617660	917.174316	22.640050	44.247098
340.606356	321.456707	43.780811	134.432354	8.056504	1093.194457	735.553884	1.486517	54.021079
253.997017	350.839706	91.680593	230.253280	25.421357	772.486173	850.366557	101.154127	43.315516
273.299963	262.929493	170.923731	126.423167	4.357876	881.168478	681.423091	116.958739	54.879442
238.002829	345.456136	20.458291	153.581076	25.011181	982.477134	961.918707	353.431045	54.795767
271.591500	52.824915	191.096470	182.945798	21.947583	1105.727251	628.555432	80.190516	46.449723
345.466498	57.276909	28.285993	153.911967	26.435819	1097.945088	876.074413	199.295262	49.785238
108.194987	358.665031	58.149227	238.647621	16.731546	796.983172	890.250712	317.187332	24.662040
473.269384	135.177262	36.296316	161.870933	24.706262	784.549375	875.214911	269.946424	64.963668
505.800899	200.846175	93.911349	211.054346	23.391699	1021.890313	897.864603	22.538656	64.591791
343.132004	339.158865	62.112407	218.429305	1.847803	814.149716	976.300817	136.638084	45.315203
219.393249	216.826929	197.701621	127.153388	16.478894	1124.281248	761.091767	243.122763	61.608823
535.724682	312.344948	3.080687	169.504348	17.944403	721.582090	673.947508	3.260669	66.363984
269.838985	253.919414	64.307305	145.780385	28.895256	790.335469	645.629325	347.994379	48.125567
405.821063	307.259806	118.939250	153.325137	17.601823	757.052014	625.313785	85.214490	59.793352
404.199216	168.836654	68.004547	172.792150	28.807812	1003.299427	777.514731	178.279335	60.364051
292.227370	340.827501	91.154523	128.012845	7.657408	718.802774	637.137905	26.929220	48.056749
189.231273	44.968759	85.044003	198.112730	13.837074	949.251680	922.705259	55.875874	28.288290
525.361767	289.953939	17.246271	145.146263	16.851500	1048.907635	787.643096	126.306146	81.031425
129.896596	84.469909	129.810203	131.670639	11.182406	760.980745	921.359686	41.617029	31.012156
314.495432	222.154259	166.802254	177.198934	10.880381	770.750077	853.228990	88.825265	56.372692
198.680051	278.678138	105.565519	163.900906	5.152617	776.621577	960.545338	179.810067	40.404989
230.760670	251.659334	29.916904	243.847193	5.517241	768.279568	928.965811	208.711760	18.617533
464.894967	157.818406	96.254796	221.914310	27.221964	1035.613186	704.433479	304.349684	60.316616
262.862317	333.995005	2.825460	155.069517	23.622373	855.780355	873.554629	92.594127	53.030743
138.506542	58.096722	181.496166	195.534218	14.093799	937.754593	951.364703	286.508991	26.883294
187.983344	258.482960	48.118977	188.365809	24.857892	719.341817	801.555037	358.398597	35.782143
478.843554	90.891780	180.472022	144.276634	4.793127	1056.143981	889.347097	339.635161	71.830253
529.938636	246.979172	116.821257	217.344963	6.704233	713.837785	613.137336	48.874343	61.489150
219.376186	68.433078	196.666617	209.294953	18.844178	1129.136210	843.829774	158.293236	39.079140
397.829137	17.153381	169.864614	137.125414	3.340728	1132.425832	886.846855	239.731670	59.306291
137.565161	281.740462	2.217773	212.326015	21.438444	722.343622	815.833516	26.937021	22.833367
418.877929	293.463206	3.023718	200.210643	10.260342	742.127270	705.085107	146.505444	42.050612
284.399236	58.312312	148.687923	122.233588	28.634160	947.046834	967.789295	331.282504	64.745166
504.154044	289.748735	103.359083	127.503098	20.117306	860.657818	777.038512	312.375156	79.474649
238.452842	117.767093	151.073093	189.956426	14.132875	985.491065	815.108561	18.385132	44.501388
514.362545	205.041920	117.938377	132.432538	17.335138	993.732181	618.829921	281.938399	76.986109
322.422373	216.075643	46.456215	197.480243	7.291469	719.857191	918.376265	282.296304	36.920136
254.815101	327.994036	157.321239	142.779700	1.095585	804.535325	762.043164	26.652523	55.766124
385.394583	204.712757	6.207174	207.553031	1.780363	1002.180815	726.268227	239.261900	31.481099
211.388837	311.955386	161.302653	167.598562	12.831770	794.507932	958.266938	277.100138	48.306862
202.636456	151.325781	133.017045	214.425926	27.127074	728.827386	695.707208	74.791948	30.239119
187.999743	234.488859	134.654846	145.138501	22.118312	942.964814	650.297376	268.418778	44.981617
522.436009	68.736324	8.772209	203.338365	20.590248	774.413213	781.664359	315.817959	54.970923
317.896213	255.684935	41.954789	243.541879	30.491225	1100.670616	889.886187	196.778257	40.664777
431.207354	333.063893	97.787358	182.595035	28.604789	1069.929032	610.641434	65.296016	70.011533
309.608444	153.356317	88.412999	156.174966	13.721096	1039.446005	880.493670	342.032751	47.227071
359.342590	232.376947	5.293111	160.670881	23.779874	1071.334691	799.300612	166.486227	50.631667
357.852874	195.402972	67.166155	144.936656	16.134001	1057.788249	863.395755	276.164667	51.867703
531.190203	5.205823	193.492558	193.220244	22.266571	1053.307301	865.644459	295.599632	72.995502
394.773708	325.894082	61.312802	185.658232	14.259040	1143.750654	718.991660	245.097376	54.052169
207.019029	290.535232	126.556730	190.287438	18.502943	1036.649630	664.237764	56.251105	38.783842
108.656575	149.159030	136.338579	207.101076	5.208901	920.264914	602.186179	337.169356	13.328802
197.782777	32.657618	124.732718	123.256606	23.803880	1001.057852	603.022257	308.391371	43.532827
301.517603	126.222727	57.939333	136.862967	1.549353	767.340119	940.429801	214.683928	38.791387
274.318107	188.705412	114.337784	147.883377	1.969993	726.776562	796.546425	202.946577	42.822009
457.798893	87.658237	140.818833	121.865108	17.607170	830.663913	723.813506	121.474719	74.040249
446.073859	298.869328	76.664238	144.374229	20.616945	915.932125	957.046338	336.078070	76.778808
141.024034	106.076254	56.060787	227.529103	9.288630	787.987561	962.932098	196.764839	8.710850
518.980698	73.571015	54.999120	202.894420	28.731519	1046.941337	807.667569	199.071386	57.122355
333.026025	62.058178	183.620072	141.302356	16.013016	1102.631166	813.266442	228.025009	59.140888
363.224936	260.730783	128.895221	125.493186	4.104037	800.582660	846.097293	143.601944	62.025753
279.414866	196.237544	150.486714	152.416477	28.658438	1034.510827	871.813637	119.716573	64.604913
386.481419	249.854809	113.564619	210.887115	18.281590	822.328533	727.142503	282.967487	52.025586
483.640921	104.233893	126.091824	177.195598	22.014389	859.743835	888.861017	276.697095	64.474632
397.183953	143.601108	55.303815	188.473075	11.523869	822.608235	601.798837	215.297938	35.833735
526.903162	321.523011	178.567023	188.485538	27.392480	800.551159	915.998347	244.349131	81.726568
409.091545	118.614483	100.239085	150.685551	19.902553	829.950119	862.995299	220.326796	61.122594
461.913683	324.158740	161.070367	142.264184	19.640949	866.737437	940.293708	167.651943	84.497380
121.727338	346.896473	103.603116	140.908066	10.826245	790.400967	841.052946	299.467201	40.410829
396.641949	7.012733	23.263983	242.495945	29.621289	1084.805703	832.593493	54.190000	34.323238
388.781658	177.428723	22.364508	239.379027	31.007484	730.969071	686.218082	288.764418	40.695486
146.564770	223.318105	92.822381	215.217442	21.225570	999.993693	759.780927	88.440796	27.951619
470.965723	4.488002	85.978315	202.555600	0.747277	909.120815	905.675068	36.169233	46.262507
371.007513	125.708965	182.659236	149.346401	25.807369	945.441787	796.267063	343.240594	67.709588
145.067704	10.067655	26.345810	135.715557	15.818676	1100.664581	889.387897	223.271937	27.365527
362.376598	221.320440	137.311357	238.754773	31.146929	787.605805	984.245455	225.788667	55.525705
311.546142	166.273831	183.628072	156.360418	8.173690	822.140376	774.889446	333.914989	50.149922
204.182584	94.386481	82.215331	144.867269	2.543469	885.561519	676.463050	80.652784	29.576251
110.653168	279.154909	176.995920	237.519850	26.971663	809.170084	770.819065	186.701371	30.069438
262.118469	194.906273	28.862400	140.687894	16.052749	1056.001161	728.024133	364.772547	45.018861
373.494772	119.341377	21.069315	158.555211	11.436991	783.774249	678.236078	138.935684	43.885706
246.224260	335.773744	46.673665	143.442052	13.811976	957.146492	987.779549	331.040357	58.268739
236.577538	350.324537	104.238891	122.863256	30.166713	730.425084	773.924647	252.465830	63.954971
430.991104	65.481980	129.282783	144.195054	1.407778	744.516954	984.258349	235.573568	55.283984
434.277596	351.242654	154.250281	178.229724	17.321772	713.183314	876.409776	52.281504	72.861666
416.819436	210.949843	153.310189	187.868562	7.205695	967.104397	745.915331	281.402197	53.939281
146.317696	314.253677	22.376272	142.144081	26.805267	946.358340	594.118401	29.680040	37.467044
328.080689	104.647612	174.801264	211.296335	18.583732	922.919774	750.870810	63.850155	48.789462
346.315813	16.732179	22.466912	188.474615	15.781778	838.847139	717.930224	294.956778	30.331885
428.224383	4.518044	179.562140	196.668640	19.383570	939.632914	776.572783	180.078391	50.139353
497.591842	154.704260	191.525281	161.234499	10.701333	921.258527	820.915304	187.304284	71.058258
263.639023	1.633037	116.819958	146.026356	25.753530	992.643817	843.850035	198.729711	44.825637
289.754601	159.927832	138.779294	221.383350	18.906663	852.068173	646.602851	68.854876	34.025103
422.952162	267.085319	73.945251	165.483703	27.171584	808.870480	840.431554	86.985223	62.414226
392.234751	239.931997	110.130994	186.758479	18.911939	1025.297654	810.589603	328.014734	58.608981
346.347017	262.772024	166.413633	214.427218	5.478682	1012.877782	644.383720	192.364267	42.608445
255.361159	213.454535	31.899769	231.291417	24.565845	775.232168	675.522005	197.645108	30.272289
187.564328	342.482343	100.349168	177.510745	27.540432	1024.613666	805.362605	63.503532	52.011616
182.507629	86.196858	81.843815	243.530896	24.942959	995.806678	856.937042	290.704787	18.955329
137.733481	324.473717	173.277111	187.480756	14.357244	1103.993283	661.416563	270.191913	33.895815
137.565972	352.440610	26.198319	220.993949	21.295542	1018.181003	857.993880	73.785150	25.677373
472.459622	1.273757	178.350968	130.715250	24.739456	1122.563677	718.739796	190.821893	76.695267
270.048664	154.778465	50.054243	132.703704	9.311884	1037.057743	924.160713	325.403451	45.838651
128.603955	242.709924	121.139598	198.401460	4.068317	743.400424	748.608659	35.670570	16.014402
494.634444	220.618263	75.979685	169.556685	30.683517	1069.549503	917.934521	224.738159	77.631224
199.792468	355.138484	186.548632	217.268097	29.932153	812.563334	687.336295	226.710957	49.674550
219.438500	237.072142	39.505532	193.047926	21.835209	1010.027322	887.871097	26.214134	36.397931
187.190054	221.663180	100.508079	198.856215	18.821160	936.684468	806.735916	256.696070	31.904552
525.765464	332.552226	45.657809	142.111050	30.830158	1078.644400	850.945792	29.151432	86.030417
151.292558	323.859081	160.245412	190.523572	24.888838	751.380302	774.863585	94.527863	41.010828
418.307500	299.472749	54.210822	189.632076	13.980178	1001.396967	986.270780	336.076417	61.110400
510.254869	146.247510	190.697511	213.927205	27.958708	854.885393	870.607677	261.620044	75.234390
394.584567	250.401854	184.879713	209.590582	26.704335	838.113026	748.699717	130.732957	62.756693
478.122255	343.203962	95.038055	199.482701	17.425712	788.391535	888.841213	139.512089	69.988973
208.191831	86.119093	2.586229	141.033666	11.241619	866.892187	886.573893	4.484247	30.086478
397.180455	175.185263	193.083548	243.066684	11.601979	709.436547	642.768875	14.156492	38.546111
408.981647	271.968056	137.192824	197.755241	17.632015	1044.717332	686.139543	322.442284	63.532506
302.749641	214.597781	98.395832	141.633065	27.921498	918.879785	877.010796	41.467637	58.987738
483.298982	281.365562	120.817114	222.323319	13.559616	1031.751687	740.340716	281.338979	58.235951
406.141112	94.779751	22.197112	138.786949	3.468136	838.310332	755.840873	34.300311	47.009981
493.956473	46.966333	31.507482	155.135059	10.406754	1017.745347	791.534758	208.238063	56.265432
431.903507	169.165330	127.782434	191.931681	0.325797	1000.745438	903.874475	72.950354	49.055087
329.887205	238.668443	9.792188	140.181485	28.093826	1060.824446	778.991730	347.367657	54.522973
320.425439	214.519161	140.460305	131.933499	7.906025	827.270534	704.577565	355.811712	57.305919
300.732700	219.232497	183.955780	206.703002	30.678288	1132.277774	864.386799	131.461624	61.906853
111.481326	33.265610	141.791052	126.240483	12.128796	937.894515	938.030549	300.041939	34.017792
336.391933	176.383446	112.126829	165.172108	17.047815	846.600305	801.558787	105.025219	48.935316
287.262276	72.684948	158.840694	151.935378	24.340525	909.171151	872.919599	273.714315	53.990506
170.999715	255.133419	149.693149	238.887873	1.297412	1105.597020	926.244950	65.275375	28.626281
154.152528	200.472481	118.131994	193.968694	13.149338	971.846468	656.817480	233.800527	27.025204
298.816123	215.679141	39.404603	129.722321	12.836318	989.735740	832.586101	348.976103	49.509773
119.481917	213.808515	1.566398	172.604874	1.224595	1084.811309	884.612452	67.559037	20.194457
534.121991	109.930639	91.461111	168.103225	22.417110	760.166211	643.743822	60.804926	70.555788
267.616968	29.929550	48.208202	139.319426	24.290386	847.539278	775.112410	163.399238	47.259237
269.363827	148.298974	45.425708	213.366528	19.027685	1037.744487	664.647397	349.988532	30.662858
124.393320	106.889168	101.339197	144.584739	13.629338	1027.209738	778.374995	162.972826	29.983187
288.882482	204.524989	75.078886	227.839745	6.259526	1138.903628	597.190604	77.309237	21.974677
108.896502	80.106452	100.811172	239.179722	6.206817	894.623345	888.515396	11.337795	2.975887
115.181011	80.308945	53.855086	132.015602	21.470587	736.005432	920.629282	133.246707	34.283373
250.525464	116.731001	122.023472	204.225897	15.558356	998.912723	923.567922	268.996276	38.955557
461.584399	62.223493	124.397281	199.920486	20.859560	1016.358055	915.262320	105.610612	59.138093
302.963633	144.321863	41.783468	185.557746	29.376972	980.836026	616.087951	164.779532	38.586593
108.500174	295.822175	113.494448	201.250835	20.379684	957.188042	709.835745	68.500823	31.127190
173.490374	305.869574	89.043140	234.966959	2.084533	829.442538	689.328873	257.801458	18.285720
426.086152	38.860694	193.885222	216.314182	21.371533	851.162790	784.473703	161.214875	53.738098
425.372657	118.732121	144.356737	202.329746	0.640194	1120.235043	960.013111	34.901637	48.371088
432.481033	220.143139	36.378333	174.895981	30.513154	996.529276	668.307782	121.560473	59.226657
256.031187	81.474514	176.405675	151.496429	8.451887	887.260497	907.376348	264.214380	41.393864
256.297303	330.092210	95.404303	146.689934	17.286904	1027.397819	735.344173	244.697424	48.000733
453.309142	253.681380	169.371351	148.341871	19.358363	916.247158	637.512893	278.924123	72.448268
276.384394	79.084088	166.181507	229.889957	6.931472	938.497005	736.092293	331.467720	27.726687
420.509660	38.299132	3.470115	136.097881	4.300408	1105.767102	676.728626	190.265062	42.884990
356.531878	26.485533	46.732378	135.612473	25.787527	1084.774087	674.885370	51.154433	54.592782
261.581656	67.482694	182.218322	123.682126	22.158032	780.950789	986.838374	178.854367	54.647010
137.042856	142.001690	153.948977	212.534037	19.577305	992.277681	713.056113	2.507973	28.664875
152.862915	269.533124	27.065111	121.673277	5.509880	1117.463379	912.205639	196.869642	41.801014
491.626721	50.618622	42.458476	236.930282	24.182687	1071.857715	596.813253	337.383606	39.288137
300.125143	13.089933	123.729485	243.378084	20.693036	872.805117	620.120919	358.941805	31.698898
537.373988	320.120506	55.739176	150.492733	18.608541	925.098881	837.255673	355.557553	79.306840
261.386863	120.399814	40.854487	126.141186	14.638246	1035.824198	866.436929	80.456751	42.624223
211.479985	118.599815	196.682340	242.440580	5.257492	1111.038180	850.242351	249.711278	22.729037
255.536222	188.513561	91.724085	147.365221	6.058895	965.243315	940.906524	108.597761	43.379334
252.271710	150.718873	103.884051	188.529822	26.501946	856.555982	683.974679	108.623075	38.248402
381.162248	105.987615	130.447723	202.768614	7.066251	915.192320	722.047014	146.437412	39.175696
107.579053	256.892976	15.147014	195.678793	29.078716	1087.298678	818.044878	239.692858	28.876622
436.311663	284.388528	79.306225	227.592463	4.882671	949.561877	652.921899	51.487369	47.798839
284.389606	296.634402	181.085629	181.965278	21.357475	888.182981	801.634930	213.323244	55.487472
291.320767	276.440869	188.643522	186.786670	13.142214	903.515531	836.649089	310.036281	54.410931
312.728377	247.863585	99.052394	246.873920	19.992080	792.907733	781.828938	232.259566	39.573995
298.755053	69.291436	178.442539	191.653767	1.419409	1005.738282	905.029571	186.513210	37.140840
319.892254	262.662490	99.806990	145.916471	11.386041	865.852214	919.384028	110.808091	55.030979
253.506088	98.621386	197.122110	142.133929	6.098647	854.442365	701.386257	65.135538	44.176979
300.565608	259.132491	157.437706	230.327485	3.742079	1061.100439	699.809210	57.659994	26.823897
279.237285	35.132782	166.062042	166.330568	0.936363	960.505046	635.083830	152.838597	32.779485
328.990310	151.862735	37.286338	240.327949	1.290962	947.102962	987.594663	253.853327	31.928144
374.991859	141.093568	0.897545	222.499381	22.486092	792.687253	665.319466	158.640810	31.779371
207.575786	13.175713	100.990059	240.023970	15.917223	1048.833087	644.840813	240.525549	18.360853
324.695471	317.363034	196.560945	191.768406	10.194499	1098.948168	806.419931	356.657011	59.739566
362.444401	242.856359	193.451657	126.278493	2.800698	918.800367	916.769549	345.908291	67.433838
109.423362	279.394418	122.837114	228.210050	5.560372	1124.153790	629.813816	117.129230	16.883895
329.976258	238.993837	36.931104	194.021140	8.664971	947.584265	699.956538	159.754357	38.749557
206.810442	123.137057	1.794999	230.338700	15.570461	799.055382	964.187172	45.206726	14.453429
279.187884	181.939001	99.298601	156.815225	29.974090	725.163585	797.380658	133.532261	47.891895
464.020211	46.219555	60.389650	228.986087	10.866781	1021.751412	662.970555	290.422588	36.408120
244.891191	58.020611	67.357842	146.273997	11.417704	886.888121	681.480743	308.340153	30.206153
313.649013	116.340621	166.654420	156.547222	22.836291	1085.205732	891.507955	20.956555	61.456529
112.836625	231.082841	17.868850	139.250507	15.530120	1035.819087	776.187938	198.982497	32.634492
237.232885	215.254513	18.140034	138.446776	9.039663	814.501408	823.657436	255.891893	36.611370
382.197839	278.318394	88.527761	134.108061	4.995592	840.104505	877.373607	230.302023	62.958277
240.040857	191.044420	82.687553	188.413687	1.237677	745.992679	667.654737	253.158089	25.738330
192.139308	242.565862	12.776843	206.130902	7.079183	1022.436280	924.210126	356.894428	17.257873
229.307188	15.754278	109.100076	147.649594	29.513390	1065.745604	610.010246	42.108690	43.809043
520.017698	335.053947	86.405948	236.283749	31.803032	918.070688	654.699511	262.981932	63.038422
140.019198	303.781153	198.611532	133.533133	25.733984	977.307513	952.434765	306.166995	59.937032
304.950700	336.244658	13.217259	134.743034	14.774194	792.707505	635.793698	294.062725	54.829085
127.573464	62.331387	23.483923	232.367503	22.863111	1130.235344	803.043591	218.102805	13.118340
337.932310	52.404428	31.684743	208.376000	26.347131	846.931591	686.241753	271.650301	29.214111
165.963653	193.947630	64.972175	144.030705	11.501823	1030.574719	858.297730	56.746546	36.520085
379.729145	301.099949	132.899384	245.162571	5.682235	950.209043	948.674291	228.888530	46.619072
217.806089	265.077737	193.301062	125.146249	5.199507	960.979944	931.474299	145.137519	57.626075
404.620940	92.846573	181.538356	134.672244	18.368534	1134.903467	893.782380	261.666310	67.555021
254.049974	170.614482	88.420932	156.539058	1.998002	1127.941899	855.167914	303.024741	46.215765
103.825798	84.494171	14.184638	213.550611	31.801329	822.208063	977.992682	181.468673	18.549490
231.163883	202.558649	128.987707	211.058491	14.292475	986.588820	666.453828	13.421721	32.345418
137.869764	203.744097	83.535643	221.457669	7.317314	784.960589	843.429949	134.784073	18.076240
318.827359	29.840049	4.667717	189.690200	16.573435	1038.182741	963.009802	193.076684	33.707576
228.533850	227.181183	163.474877	196.544557	7.959763	969.627509	675.411023	27.593288	37.364733
382.316439	34.833880	105.851115	164.483336	19.747017	1110.818421	710.826660	35.527240	48.869945
320.971945	10.017730	87.574352	169.399794	26.282274	1009.281434	899.332120	83.455930	45.417730
117.787645	306.991501	144.728998	133.162274	13.529649	919.348367	897.125852	313.716337	48.212518
241.561648	89.192529	171.635717	135.946896	23.589740	835.811078	852.345891	231.406831	52.922517
316.207926	166.971009	186.446773	208.839372	18.949412	779.695111	621.776413	268.112941	43.248272
352.625283	336.727965	66.324503	124.129435	5.418846	819.194833	780.271788	282.437896	60.756546
147.933627	224.523426	36.765130	178.017474	6.854792	1065.208265	858.753558	239.393720	21.652936
386.687425	133.765497	66.061695	204.432486	17.429726	1116.747216	914.310417	220.115145	40.631488
252.539583	305.811114	195.261030	181.789377	27.170547	1079.225522	930.308392	197.307354	62.522481
182.119527	77.032280	19.695752	129.685229	14.216025	1068.000388	870.157206	276.706515	29.359326
454.733089	175.286198	190.057558	217.684679	20.025268	845.685289	822.767222	218.445810	62.441626
132.057043	203.100210	123.693347	180.977949	24.283606	987.513219	730.128511	181.698139	37.522359
509.239196	210.311661	1.936359	157.867791	25.549648	955.325183	886.419580	276.193085	70.063117
411.344578	6.286044	171.829177	142.424550	20.723191	1053.376986	734.222782	94.216097	58.500175
310.308867	135.331321	136.236573	198.431957	25.018364	999.872670	799.000193	11.194083	47.363759
106.888468	184.846514	28.925222	237.444863	19.362906	716.570551	603.841280	326.366190	1.697257
272.874886	164.367147	68.270164	154.311100	29.583252	976.328158	653.397843	353.954515	51.748728
384.859705	295.077523	174.576555	231.198915	10.951827	737.047538	717.251279	250.142491	48.729034
478.203937	259.535865	145.727233	204.598984	26.760196	995.694887	778.854905	288.454612	74.629135
372.580629	334.646585	63.731384	123.304484	20.733491	851.991576	820.734349	16.098853	67.560627
276.195851	80.337304	158.842846	228.030028	18.343208	1036.939430	674.163781	55.862327	32.101430
297.943411	56.081794	50.961144	170.906369	22.978997	985.109181	804.832688	318.962986	38.228794
484.503353	72.955626	109.883584	227.447446	0.739406	949.210470	847.595769	155.383179	44.181659
255.894502	235.639670	186.713269	146.071616	25.002186	1069.902010	771.927141	12.560321	61.104232
130.539028	90.354591	87.244047	186.340069	7.338237	919.332960	809.886003	68.949050	14.604833
295.890580	238.580379	111.249542	146.834226	4.921732	1097.369096	725.662303	207.988489	45.290170
539.325097	245.323341	155.238998	182.655229	21.262278	1074.616096	693.932603	189.671336	80.385109
